time,well,iptg,strain,rbs,temp,OD660,fluor,mCherry,GFP
0.0,B2,0.01875,MCH10,R1,37.166666666666664,0.027610001713037485,mCherry,171.5,-9.300000000000011
900.0,B2,0.01875,MCH10,R1,37.1,0.03457000628113746,mCherry,142.3,-10.599999999999994
1800.0,B2,0.01875,MCH10,R1,37.300000000000004,0.045929993689060214,mCherry,145.3,-12.199999999999989
2700.0,B2,0.01875,MCH10,R1,37.46666666666667,0.06670000404119492,mCherry,148.7,-6.400000000000006
3600.0,B2,0.01875,MCH10,R1,37.06666666666667,0.09400000423192978,mCherry,166.2,-7.800000000000011
4500.0,B2,0.01875,MCH10,R1,37.23333333333333,0.12127000540494919,mCherry,206.9,-7.0
5400.0,B2,0.01875,MCH10,R1,37.0,0.14471000358462333,mCherry,282.2,-9.5
6300.0,B2,0.01875,MCH10,R1,37.03333333333333,0.16467999741435052,mCherry,434.9,-4.099999999999994
7200.0,B2,0.01875,MCH10,R1,37.1,0.18765000104904175,mCherry,660.5,-6.400000000000006
8100.0,B2,0.01875,MCH10,R1,37.233333333333334,0.21592000350356103,mCherry,921.9,-5.300000000000011
9000.0,B2,0.01875,MCH10,R1,37.26666666666667,0.25475000590085983,mCherry,1220.6,-3.0
9900.0,B2,0.01875,MCH10,R1,37.166666666666664,0.3006400063633919,mCherry,1516.7,-4.800000000000011
10800.0,B2,0.01875,MCH10,R1,37.1,0.34930000975728037,mCherry,1787.5,-4.400000000000006
11700.0,B2,0.01875,MCH10,R1,37.13333333333333,0.39207999110221864,mCherry,1998.6,-2.9000000000000057
12600.0,B2,0.01875,MCH10,R1,37.166666666666664,0.43315998613834383,mCherry,2159.9,-1.4000000000000057
13500.0,B2,0.01875,MCH10,R1,37.1,0.48404998481273653,mCherry,2268.9,4.099999999999994
14400.0,B2,0.01875,MCH10,R1,37.06666666666667,0.5277300253510475,mCherry,2317.6,4.800000000000011
15300.0,B2,0.01875,MCH10,R1,37.199999999999996,0.5672900229692459,mCherry,2326.8,17.30000000000001
16200.0,B2,0.01875,MCH10,R1,37.03333333333333,0.6130999773740768,mCherry,2339.3,21.30000000000001
17100.0,B2,0.01875,MCH10,R1,37.13333333333333,0.6492900229990483,mCherry,2332.1,15.900000000000006
18000.0,B2,0.01875,MCH10,R1,37.0,0.6737999759614468,mCherry,2381.5,20.599999999999994
18900.0,B2,0.01875,MCH10,R1,37.1,0.6980099983513355,mCherry,2387.5,23.0
19800.0,B2,0.01875,MCH10,R1,37.23333333333333,0.7198000304400921,mCherry,2448.3,28.099999999999994
20700.0,B2,0.01875,MCH10,R1,37.1,0.7371100060641765,mCherry,2503.0,29.69999999999999
21600.0,B2,0.01875,MCH10,R1,37.233333333333334,0.7504600085318088,mCherry,2532.2,33.599999999999994
22500.0,B2,0.01875,MCH10,R1,37.13333333333333,0.7640699982643128,mCherry,2543.8,34.599999999999994
23400.0,B2,0.01875,MCH10,R1,37.23333333333333,0.7771299853920937,mCherry,2578.2,38.099999999999994
24300.0,B2,0.01875,MCH10,R1,37.13333333333333,0.7900799967348575,mCherry,2607.6,36.400000000000006
25200.0,B2,0.01875,MCH10,R1,37.166666666666664,0.7996800057590008,mCherry,2643.6,41.099999999999994
26100.0,B2,0.01875,MCH10,R1,37.13333333333333,0.8095199964940548,mCherry,2662.3,46.30000000000001
27000.0,B2,0.01875,MCH10,R1,37.23333333333333,0.8215299792587757,mCherry,2657.3,47.69999999999999
27900.0,B2,0.01875,MCH10,R1,37.199999999999996,0.8309200055897236,mCherry,2722.5,52.099999999999994
28800.0,B2,0.01875,MCH10,R1,37.1,0.8370600201189518,mCherry,2773.3,52.30000000000001
29700.0,B2,0.01875,MCH10,R1,37.16666666666667,0.8438699834048748,mCherry,2815.5,56.099999999999994
30600.0,B2,0.01875,MCH10,R1,37.2,0.8507400281727314,mCherry,2860.1,59.69999999999999
31500.0,B2,0.01875,MCH10,R1,37.233333333333334,0.8563499711453915,mCherry,2929.9,57.19999999999999
32400.0,B2,0.01875,MCH10,R1,37.3,0.8592299751937389,mCherry,2981.4,60.19999999999999
33300.0,B2,0.01875,MCH10,R1,37.1,0.8624699860811234,mCherry,2994.4,61.5
34200.0,B2,0.01875,MCH10,R1,37.166666666666664,0.8660700209438801,mCherry,3056.3,64.5
35100.0,B2,0.01875,MCH10,R1,37.233333333333334,0.8705200187861919,mCherry,3088.0,66.6
36000.0,B2,0.01875,MCH10,R1,37.13333333333333,0.878870016336441,mCherry,3140.2,68.4
36900.0,B2,0.01875,MCH10,R1,37.300000000000004,0.8853099703788757,mCherry,3152.0,72.69999999999999
37800.0,B2,0.01875,MCH10,R1,37.13333333333333,0.8882800087332725,mCherry,3158.7,73.9
38700.0,B2,0.01875,MCH10,R1,37.13333333333333,0.8873500227928162,mCherry,3214.4,78.69999999999999
39600.0,B2,0.01875,MCH10,R1,37.166666666666664,0.8879000023007393,mCherry,3212.4,81.30000000000001
40500.0,B2,0.01875,MCH10,R1,37.166666666666664,0.8867999821901321,mCherry,3219.9,82.0
41400.0,B2,0.01875,MCH10,R1,37.36666666666667,0.8853099875152111,mCherry,3200.8,85.69999999999999
42300.0,B2,0.01875,MCH10,R1,37.13333333333333,0.8849200241267681,mCherry,3202.3,83.80000000000001
43200.0,B2,0.01875,MCH10,R1,37.26666666666667,0.8845999918878078,mCherry,3224.7,89.5
0.0,B4,0.01875,GFP75,R0.5,37.166666666666664,0.02470999732613563,GFP,-0.5,761.7
900.0,B4,0.01875,GFP75,R0.5,37.1,0.029470001906156534,GFP,2.3000000000000007,694.4
1800.0,B4,0.01875,GFP75,R0.5,37.300000000000004,0.04043000489473343,GFP,-0.6999999999999993,711.8
2700.0,B4,0.01875,GFP75,R0.5,37.46666666666667,0.05970000475645065,GFP,-0.3000000000000007,863.6
3600.0,B4,0.01875,GFP75,R0.5,37.06666666666667,0.0852000042796135,GFP,0.1999999999999993,1266.2
4500.0,B4,0.01875,GFP75,R0.5,37.23333333333333,0.11636999696493149,GFP,-0.09999999999999964,2141.0
5400.0,B4,0.01875,GFP75,R0.5,37.0,0.1501100055873394,GFP,-0.8000000000000007,3741.5
6300.0,B4,0.01875,GFP75,R0.5,37.03333333333333,0.18698000237345697,GFP,1.9000000000000004,6035.9
7200.0,B4,0.01875,GFP75,R0.5,37.1,0.2228500008583069,GFP,-0.5,8801.6
8100.0,B4,0.01875,GFP75,R0.5,37.233333333333334,0.2631199978291988,GFP,-0.09999999999999964,11710.7
9000.0,B4,0.01875,GFP75,R0.5,37.26666666666667,0.3095500096678734,GFP,-1.4000000000000004,14494.0
9900.0,B4,0.01875,GFP75,R0.5,37.166666666666664,0.36024000197649003,GFP,-0.3000000000000007,16933.2
10800.0,B4,0.01875,GFP75,R0.5,37.1,0.41250000670552256,GFP,-0.5,18864.6
11700.0,B4,0.01875,GFP75,R0.5,37.13333333333333,0.45867998600006105,GFP,-0.40000000000000036,20266.1
12600.0,B4,0.01875,GFP75,R0.5,37.166666666666664,0.4972600132226944,GFP,-2.0999999999999996,21563.6
13500.0,B4,0.01875,GFP75,R0.5,37.1,0.5393499821424484,GFP,-0.09999999999999964,22473.1
14400.0,B4,0.01875,GFP75,R0.5,37.06666666666667,0.5731299892067909,GFP,-0.40000000000000036,23129.8
15300.0,B4,0.01875,GFP75,R0.5,37.199999999999996,0.600690022110939,GFP,-1.1999999999999993,23304.3
16200.0,B4,0.01875,GFP75,R0.5,37.03333333333333,0.6260999888181686,GFP,1.3000000000000007,23471.3
17100.0,B4,0.01875,GFP75,R0.5,37.13333333333333,0.6619899846613407,GFP,-1.9000000000000004,23382.9
18000.0,B4,0.01875,GFP75,R0.5,37.0,0.677499993890524,GFP,-1.5,23504.6
18900.0,B4,0.01875,GFP75,R0.5,37.1,0.6951099939644336,GFP,-1.5,23293.0
19800.0,B4,0.01875,GFP75,R0.5,37.23333333333333,0.7122999779880047,GFP,0.3000000000000007,23136.1
20700.0,B4,0.01875,GFP75,R0.5,37.1,0.72900997325778,GFP,1.0,23224.7
21600.0,B4,0.01875,GFP75,R0.5,37.233333333333334,0.7436600126326084,GFP,1.1999999999999993,23038.6
22500.0,B4,0.01875,GFP75,R0.5,37.13333333333333,0.7540700078010559,GFP,1.8000000000000007,22973.6
23400.0,B4,0.01875,GFP75,R0.5,37.23333333333333,0.7687300220131874,GFP,0.1999999999999993,22945.1
24300.0,B4,0.01875,GFP75,R0.5,37.13333333333333,0.7807800032198429,GFP,2.5999999999999996,22969.4
25200.0,B4,0.01875,GFP75,R0.5,37.166666666666664,0.7916799895465374,GFP,1.5999999999999996,22871.1
26100.0,B4,0.01875,GFP75,R0.5,37.13333333333333,0.8011199735105038,GFP,4.300000000000001,23020.3
27000.0,B4,0.01875,GFP75,R0.5,37.23333333333333,0.8117300219833851,GFP,2.3000000000000007,23005.7
27900.0,B4,0.01875,GFP75,R0.5,37.199999999999996,0.8208199985325336,GFP,2.5,22801.1
28800.0,B4,0.01875,GFP75,R0.5,37.1,0.8254600025713443,GFP,1.3000000000000007,22792.3
29700.0,B4,0.01875,GFP75,R0.5,37.16666666666667,0.8295699946582318,GFP,2.5,22632.1
30600.0,B4,0.01875,GFP75,R0.5,37.2,0.8347399957478047,GFP,3.0999999999999996,22435.7
31500.0,B4,0.01875,GFP75,R0.5,37.233333333333334,0.8381499908864498,GFP,4.9,22393.2
32400.0,B4,0.01875,GFP75,R0.5,37.3,0.8419300250709056,GFP,3.4000000000000004,22314.2
33300.0,B4,0.01875,GFP75,R0.5,37.1,0.845569983124733,GFP,3.4000000000000004,22158.5
34200.0,B4,0.01875,GFP75,R0.5,37.166666666666664,0.8460699804127216,GFP,2.3000000000000007,22203.5
35100.0,B4,0.01875,GFP75,R0.5,37.233333333333334,0.8495199911296367,GFP,3.0,22075.6
36000.0,B4,0.01875,GFP75,R0.5,37.13333333333333,0.8515700161457062,GFP,2.1999999999999993,22151.4
36900.0,B4,0.01875,GFP75,R0.5,37.300000000000004,0.8552099823951721,GFP,4.0,22035.7
37800.0,B4,0.01875,GFP75,R0.5,37.13333333333333,0.8594799980521202,GFP,1.6999999999999993,21855.9
38700.0,B4,0.01875,GFP75,R0.5,37.13333333333333,0.8673499822616577,GFP,2.4000000000000004,21989.7
39600.0,B4,0.01875,GFP75,R0.5,37.166666666666664,0.8708000257611275,GFP,1.4000000000000004,21765.3
40500.0,B4,0.01875,GFP75,R0.5,37.166666666666664,0.870100012421608,GFP,4.9,21822.0
41400.0,B4,0.01875,GFP75,R0.5,37.36666666666667,0.8672100238502025,GFP,0.8000000000000007,21808.7
42300.0,B4,0.01875,GFP75,R0.5,37.13333333333333,0.8652199737727642,GFP,3.3000000000000007,21694.8
43200.0,B4,0.01875,GFP75,R0.5,37.26666666666667,0.8632000170648098,GFP,1.6999999999999993,21636.5
0.0,B5,0.01875,MCH75,R1,37.166666666666664,0.024910000711679453,mCherry,75.5,5.699999999999989
900.0,B5,0.01875,MCH75,R1,37.1,0.030169998854398722,mCherry,72.3,-2.5999999999999943
1800.0,B5,0.01875,MCH75,R1,37.300000000000004,0.04142999202013016,mCherry,66.3,-3.1999999999999886
2700.0,B5,0.01875,MCH75,R1,37.46666666666667,0.06390000134706497,mCherry,62.7,-2.4000000000000057
3600.0,B5,0.01875,MCH75,R1,37.06666666666667,0.09799999743700027,mCherry,77.2,-1.8000000000000114
4500.0,B5,0.01875,MCH75,R1,37.23333333333333,0.14356999546289445,mCherry,103.9,-1.0
5400.0,B5,0.01875,MCH75,R1,37.0,0.1899100087583065,mCherry,153.2,-2.5
6300.0,B5,0.01875,MCH75,R1,37.03333333333333,0.23338001295924188,mCherry,271.9,1.9000000000000057
7200.0,B5,0.01875,MCH75,R1,37.1,0.2709499955177307,mCherry,550.5,0.5999999999999943
8100.0,B5,0.01875,MCH75,R1,37.233333333333334,0.30061999186873434,mCherry,1074.9,2.6999999999999886
9000.0,B5,0.01875,MCH75,R1,37.26666666666667,0.3269500061869621,mCherry,1823.6,4.0
9900.0,B5,0.01875,MCH75,R1,37.166666666666664,0.3471400037407875,mCherry,2750.7,4.199999999999989
10800.0,B5,0.01875,MCH75,R1,37.1,0.36789999678730967,mCherry,3693.5,3.5999999999999943
11700.0,B5,0.01875,MCH75,R1,37.13333333333333,0.39387999176979066,mCherry,4512.6,5.099999999999994
12600.0,B5,0.01875,MCH75,R1,37.166666666666664,0.4217600017786026,mCherry,5204.9,3.5999999999999943
13500.0,B5,0.01875,MCH75,R1,37.1,0.454549977183342,mCherry,5739.9,5.099999999999994
14400.0,B5,0.01875,MCH75,R1,37.06666666666667,0.48813001066446304,mCherry,6185.6,3.8000000000000114
15300.0,B5,0.01875,MCH75,R1,37.199999999999996,0.5237900167703629,mCherry,6417.8,8.300000000000011
16200.0,B5,0.01875,MCH75,R1,37.03333333333333,0.5577000230550766,mCherry,6641.3,11.300000000000011
17100.0,B5,0.01875,MCH75,R1,37.13333333333333,0.5910900212824345,mCherry,6727.1,19.900000000000006
18000.0,B5,0.01875,MCH75,R1,37.0,0.6291000090539456,mCherry,6806.5,19.599999999999994
18900.0,B5,0.01875,MCH75,R1,37.1,0.6537099786102771,mCherry,6821.5,23.0
19800.0,B5,0.01875,MCH75,R1,37.23333333333333,0.667300020903349,mCherry,6976.3,24.099999999999994
20700.0,B5,0.01875,MCH75,R1,37.1,0.6788099877536297,mCherry,7325.0,25.69999999999999
21600.0,B5,0.01875,MCH75,R1,37.233333333333334,0.6913599766790867,mCherry,7595.2,26.599999999999994
22500.0,B5,0.01875,MCH75,R1,37.13333333333333,0.702269995212555,mCherry,7834.8,29.599999999999994
23400.0,B5,0.01875,MCH75,R1,37.23333333333333,0.7112300172448158,mCherry,7938.2,33.099999999999994
24300.0,B5,0.01875,MCH75,R1,37.13333333333333,0.7210799910128116,mCherry,8198.6,36.400000000000006
25200.0,B5,0.01875,MCH75,R1,37.166666666666664,0.7299800030887127,mCherry,8256.6,35.099999999999994
26100.0,B5,0.01875,MCH75,R1,37.13333333333333,0.7385200165212155,mCherry,8456.3,39.30000000000001
27000.0,B5,0.01875,MCH75,R1,37.23333333333333,0.7452300138771534,mCherry,8452.3,42.69999999999999
27900.0,B5,0.01875,MCH75,R1,37.199999999999996,0.7522199995815754,mCherry,8504.5,45.099999999999994
28800.0,B5,0.01875,MCH75,R1,37.1,0.7605600215494632,mCherry,8619.3,47.30000000000001
29700.0,B5,0.01875,MCH75,R1,37.16666666666667,0.767769991606474,mCherry,8729.5,51.099999999999994
30600.0,B5,0.01875,MCH75,R1,37.2,0.7731400258839131,mCherry,8890.1,52.69999999999999
31500.0,B5,0.01875,MCH75,R1,37.233333333333334,0.7789500020444393,mCherry,9049.9,52.19999999999999
32400.0,B5,0.01875,MCH75,R1,37.3,0.7833300165832042,mCherry,9223.4,54.19999999999999
33300.0,B5,0.01875,MCH75,R1,37.1,0.7877699881792068,mCherry,9364.4,55.5
34200.0,B5,0.01875,MCH75,R1,37.166666666666664,0.7892699725925922,mCherry,9560.3,55.5
35100.0,B5,0.01875,MCH75,R1,37.233333333333334,0.7919200293719768,mCherry,9689.0,60.599999999999994
36000.0,B5,0.01875,MCH75,R1,37.13333333333333,0.7966700255870819,mCherry,9853.2,59.400000000000006
36900.0,B5,0.01875,MCH75,R1,37.300000000000004,0.804010009765625,mCherry,9979.0,63.69999999999999
37800.0,B5,0.01875,MCH75,R1,37.13333333333333,0.8047799810767173,mCherry,10020.7,63.900000000000006
38700.0,B5,0.01875,MCH75,R1,37.13333333333333,0.8021500110626221,mCherry,10143.4,69.69999999999999
39600.0,B5,0.01875,MCH75,R1,37.166666666666664,0.800199992954731,mCherry,10101.4,71.30000000000001
40500.0,B5,0.01875,MCH75,R1,37.166666666666664,0.7970999985933304,mCherry,10154.9,70.0
41400.0,B5,0.01875,MCH75,R1,37.36666666666667,0.7939100198447704,mCherry,10130.8,74.69999999999999
42300.0,B5,0.01875,MCH75,R1,37.13333333333333,0.7914200060069561,mCherry,10137.3,77.80000000000001
43200.0,B5,0.01875,MCH75,R1,37.26666666666667,0.7885999761521816,mCherry,10087.7,81.5
0.0,B8,0.01875,GFP10,R0.5,37.166666666666664,0.027510000020265574,GFP,0.5,461.7
900.0,B8,0.01875,GFP10,R0.5,37.1,0.0340699978172779,GFP,1.3000000000000007,411.4
1800.0,B8,0.01875,GFP10,R0.5,37.300000000000004,0.047430004179477694,GFP,-1.6999999999999993,435.8
2700.0,B8,0.01875,GFP10,R0.5,37.46666666666667,0.06989999860525131,GFP,-1.3000000000000007,564.6
3600.0,B8,0.01875,GFP10,R0.5,37.06666666666667,0.09799999743700027,GFP,1.1999999999999993,945.2
4500.0,B8,0.01875,GFP10,R0.5,37.23333333333333,0.1268699958920479,GFP,-0.09999999999999964,1656.0
5400.0,B8,0.01875,GFP10,R0.5,37.0,0.1535100035369396,GFP,0.1999999999999993,2723.5
6300.0,B8,0.01875,GFP10,R0.5,37.03333333333333,0.18058001324534417,GFP,-1.0999999999999996,4006.9
7200.0,B8,0.01875,GFP10,R0.5,37.1,0.20784998536109925,GFP,-0.5,5383.6
8100.0,B8,0.01875,GFP10,R0.5,37.233333333333334,0.24052000269293786,GFP,0.9000000000000004,6736.7
9000.0,B8,0.01875,GFP10,R0.5,37.26666666666667,0.2810499891638756,GFP,-1.4000000000000004,8016.0
9900.0,B8,0.01875,GFP10,R0.5,37.166666666666664,0.32954000383615495,GFP,-0.3000000000000007,9117.2
10800.0,B8,0.01875,GFP10,R0.5,37.1,0.3825999923050404,GFP,1.5,10017.6
11700.0,B8,0.01875,GFP10,R0.5,37.13333333333333,0.42387999296188356,GFP,-1.4000000000000004,10683.1
12600.0,B8,0.01875,GFP10,R0.5,37.166666666666664,0.46395997107028963,GFP,-1.0999999999999996,11269.6
13500.0,B8,0.01875,GFP10,R0.5,37.1,0.5033500283956528,GFP,-1.0999999999999996,11634.1
14400.0,B8,0.01875,GFP10,R0.5,37.06666666666667,0.5411299839615822,GFP,-0.40000000000000036,11976.8
15300.0,B8,0.01875,GFP10,R0.5,37.199999999999996,0.5769900232553482,GFP,0.8000000000000007,12129.3
16200.0,B8,0.01875,GFP10,R0.5,37.03333333333333,0.6098000258207321,GFP,-0.6999999999999993,12273.3
17100.0,B8,0.01875,GFP10,R0.5,37.13333333333333,0.645489988476038,GFP,-0.9000000000000004,12349.9
18000.0,B8,0.01875,GFP10,R0.5,37.0,0.6763999901711941,GFP,0.5,12392.6
18900.0,B8,0.01875,GFP10,R0.5,37.1,0.7008099861443042,GFP,2.5,12349.0
19800.0,B8,0.01875,GFP10,R0.5,37.23333333333333,0.7190000168979168,GFP,-0.6999999999999993,12297.1
20700.0,B8,0.01875,GFP10,R0.5,37.1,0.7367099992930889,GFP,3.0,12271.7
21600.0,B8,0.01875,GFP10,R0.5,37.233333333333334,0.7506599821150303,GFP,1.1999999999999993,12167.6
22500.0,B8,0.01875,GFP10,R0.5,37.13333333333333,0.7620700240135193,GFP,0.8000000000000007,12163.6
23400.0,B8,0.01875,GFP10,R0.5,37.23333333333333,0.7720299735665321,GFP,0.1999999999999993,12049.1
24300.0,B8,0.01875,GFP10,R0.5,37.13333333333333,0.7820799805223941,GFP,3.5999999999999996,12053.4
25200.0,B8,0.01875,GFP10,R0.5,37.166666666666664,0.7913799993693829,GFP,-0.40000000000000036,11925.1
26100.0,B8,0.01875,GFP10,R0.5,37.13333333333333,0.7996200226247311,GFP,2.3000000000000007,12005.3
27000.0,B8,0.01875,GFP10,R0.5,37.23333333333333,0.8080300040543079,GFP,1.3000000000000007,11928.7
27900.0,B8,0.01875,GFP10,R0.5,37.199999999999996,0.8158200033009052,GFP,2.5,11849.1
28800.0,B8,0.01875,GFP10,R0.5,37.1,0.8248600222170352,GFP,2.3000000000000007,11878.3
29700.0,B8,0.01875,GFP10,R0.5,37.16666666666667,0.8314700119197369,GFP,2.5,11855.1
30600.0,B8,0.01875,GFP10,R0.5,37.2,0.837839973717928,GFP,4.1,11784.7
31500.0,B8,0.01875,GFP10,R0.5,37.233333333333334,0.8423499725759029,GFP,3.9000000000000004,11784.2
32400.0,B8,0.01875,GFP10,R0.5,37.3,0.8443300060927867,GFP,3.4000000000000004,11688.2
33300.0,B8,0.01875,GFP10,R0.5,37.1,0.8464700132608414,GFP,3.4000000000000004,11538.5
34200.0,B8,0.01875,GFP10,R0.5,37.166666666666664,0.8466700203716755,GFP,4.300000000000001,11575.5
35100.0,B8,0.01875,GFP10,R0.5,37.233333333333334,0.8482200138270855,GFP,5.0,11412.6
36000.0,B8,0.01875,GFP10,R0.5,37.13333333333333,0.8464700043201446,GFP,1.1999999999999993,11412.4
36900.0,B8,0.01875,GFP10,R0.5,37.300000000000004,0.847510015964508,GFP,4.0,11341.7
37800.0,B8,0.01875,GFP10,R0.5,37.13333333333333,0.8476800069212913,GFP,2.6999999999999993,11248.9
38700.0,B8,0.01875,GFP10,R0.5,37.13333333333333,0.8480499982833862,GFP,3.4000000000000004,11249.7
39600.0,B8,0.01875,GFP10,R0.5,37.166666666666664,0.8514000251889229,GFP,2.4000000000000004,11181.3
40500.0,B8,0.01875,GFP10,R0.5,37.166666666666664,0.8547999769449234,GFP,2.9000000000000004,11158.0
41400.0,B8,0.01875,GFP10,R0.5,37.36666666666667,0.85370998904109,GFP,4.800000000000001,11023.7
42300.0,B8,0.01875,GFP10,R0.5,37.13333333333333,0.851520024985075,GFP,4.300000000000001,10951.8
43200.0,B8,0.01875,GFP10,R0.5,37.26666666666667,0.8477000080049037,GFP,4.699999999999999,10894.5
0.0,B9,0.01875,GFP25,R1,37.166666666666664,0.027510000020265574,GFP,1.5,623.7
900.0,B9,0.01875,GFP25,R1,37.1,0.03396999612450599,GFP,-0.6999999999999993,576.4
1800.0,B9,0.01875,GFP25,R1,37.300000000000004,0.046530003845691684,GFP,0.3000000000000007,608.8
2700.0,B9,0.01875,GFP25,R1,37.46666666666667,0.06690000742673874,GFP,-1.3000000000000007,770.6
3600.0,B9,0.01875,GFP25,R1,37.06666666666667,0.09099999815225601,GFP,0.1999999999999993,1185.2
4500.0,B9,0.01875,GFP25,R1,37.23333333333333,0.11376999765634536,GFP,-0.09999999999999964,1947.0
5400.0,B9,0.01875,GFP25,R1,37.0,0.133210002630949,GFP,-0.8000000000000007,3050.5
6300.0,B9,0.01875,GFP25,R1,37.03333333333333,0.15098000392317773,GFP,-1.0999999999999996,4393.9
7200.0,B9,0.01875,GFP25,R1,37.1,0.1692499876022339,GFP,0.5,5785.6
8100.0,B9,0.01875,GFP25,R1,37.233333333333334,0.1873199962079525,GFP,0.9000000000000004,7171.7
9000.0,B9,0.01875,GFP25,R1,37.26666666666667,0.2097499892115593,GFP,-0.40000000000000036,8511.0
9900.0,B9,0.01875,GFP25,R1,37.166666666666664,0.23434000164270402,GFP,-0.3000000000000007,9778.2
10800.0,B9,0.01875,GFP25,R1,37.1,0.26619998887181284,GFP,-0.5,10989.6
11700.0,B9,0.01875,GFP25,R1,37.13333333333333,0.3042799949645996,GFP,-1.4000000000000004,12004.1
12600.0,B9,0.01875,GFP25,R1,37.166666666666664,0.34906000792980196,GFP,-1.0999999999999996,12809.6
13500.0,B9,0.01875,GFP25,R1,37.1,0.3946499913930893,GFP,-0.09999999999999964,13136.1
14400.0,B9,0.01875,GFP25,R1,37.06666666666667,0.4316299930214882,GFP,0.5999999999999996,13559.8
15300.0,B9,0.01875,GFP25,R1,37.199999999999996,0.47158999741077423,GFP,-1.1999999999999993,13776.3
16200.0,B9,0.01875,GFP25,R1,37.03333333333333,0.5096000283956528,GFP,0.3000000000000007,13953.3
17100.0,B9,0.01875,GFP25,R1,37.13333333333333,0.5439900137484074,GFP,1.0999999999999996,13956.9
18000.0,B9,0.01875,GFP25,R1,37.0,0.5764999829232693,GFP,0.5,14160.6
18900.0,B9,0.01875,GFP25,R1,37.1,0.613209993392229,GFP,1.5,14112.0
19800.0,B9,0.01875,GFP25,R1,37.23333333333333,0.6404000274837017,GFP,0.3000000000000007,14145.1
20700.0,B9,0.01875,GFP25,R1,37.1,0.6673099867999553,GFP,0.0,14094.7
21600.0,B9,0.01875,GFP25,R1,37.233333333333334,0.6915600098669529,GFP,1.1999999999999993,13994.6
22500.0,B9,0.01875,GFP25,R1,37.13333333333333,0.7095700144767761,GFP,-0.1999999999999993,13935.6
23400.0,B9,0.01875,GFP25,R1,37.23333333333333,0.7230300083756447,GFP,2.1999999999999993,13849.1
24300.0,B9,0.01875,GFP25,R1,37.13333333333333,0.7373800136148929,GFP,2.5999999999999996,13808.4
25200.0,B9,0.01875,GFP25,R1,37.166666666666664,0.749880027025938,GFP,0.5999999999999996,13719.1
26100.0,B9,0.01875,GFP25,R1,37.13333333333333,0.7605199716985226,GFP,2.3000000000000007,13741.3
27000.0,B9,0.01875,GFP25,R1,37.23333333333333,0.7708300299942493,GFP,0.3000000000000007,13676.7
27900.0,B9,0.01875,GFP25,R1,37.199999999999996,0.7803200133144855,GFP,0.5,13584.1
28800.0,B9,0.01875,GFP25,R1,37.1,0.7891599990427494,GFP,0.3000000000000007,13620.3
29700.0,B9,0.01875,GFP25,R1,37.16666666666667,0.7982699863612652,GFP,2.5,13554.1
30600.0,B9,0.01875,GFP25,R1,37.2,0.807640028744936,GFP,4.1,13465.7
31500.0,B9,0.01875,GFP25,R1,37.233333333333334,0.8170500062406063,GFP,2.9000000000000004,13494.2
32400.0,B9,0.01875,GFP25,R1,37.3,0.8235300116240978,GFP,2.4000000000000004,13402.2
33300.0,B9,0.01875,GFP25,R1,37.1,0.8286699801683426,GFP,1.4000000000000004,13371.5
34200.0,B9,0.01875,GFP25,R1,37.166666666666664,0.8315700180828571,GFP,0.3000000000000007,13400.5
35100.0,B9,0.01875,GFP25,R1,37.233333333333334,0.8376199834048748,GFP,1.0,13305.6
36000.0,B9,0.01875,GFP25,R1,37.13333333333333,0.839469975233078,GFP,2.1999999999999993,13351.4
36900.0,B9,0.01875,GFP25,R1,37.300000000000004,0.8419099807739258,GFP,4.0,13254.7
37800.0,B9,0.01875,GFP25,R1,37.13333333333333,0.8422800049185752,GFP,5.699999999999999,13116.9
38700.0,B9,0.01875,GFP25,R1,37.13333333333333,0.8422499895095825,GFP,3.4000000000000004,13159.7
39600.0,B9,0.01875,GFP25,R1,37.166666666666664,0.8420000150799751,GFP,5.4,13048.3
40500.0,B9,0.01875,GFP25,R1,37.166666666666664,0.8422999888658523,GFP,5.9,12904.0
41400.0,B9,0.01875,GFP25,R1,37.36666666666667,0.8414099745452404,GFP,2.8000000000000007,12874.7
42300.0,B9,0.01875,GFP25,R1,37.13333333333333,0.8459199897944927,GFP,3.3000000000000007,12740.8
43200.0,B9,0.01875,GFP25,R1,37.26666666666667,0.8464999876916408,GFP,4.699999999999999,12596.5
0.0,B10,0.01875,MCH50,R4,37.166666666666664,0.0204099990427494,mCherry,71.5,4.699999999999989
900.0,B10,0.01875,MCH50,R4,37.1,0.02696999683976173,mCherry,66.3,-3.5999999999999943
1800.0,B10,0.01875,MCH50,R4,37.300000000000004,0.03702999204397202,mCherry,68.3,-1.1999999999999886
2700.0,B10,0.01875,MCH50,R4,37.46666666666667,0.05710000544786453,mCherry,66.7,0.5999999999999943
3600.0,B10,0.01875,MCH50,R4,37.06666666666667,0.08739999681711197,mCherry,80.2,2.1999999999999886
4500.0,B10,0.01875,MCH50,R4,37.23333333333333,0.1253700003027916,mCherry,102.9,3.0
5400.0,B10,0.01875,MCH50,R4,37.0,0.16741000041365622,mCherry,153.2,4.5
6300.0,B10,0.01875,MCH50,R4,37.03333333333333,0.20057999417185784,mCherry,281.9,4.900000000000006
7200.0,B10,0.01875,MCH50,R4,37.1,0.23414999842643738,mCherry,531.5,4.599999999999994
8100.0,B10,0.01875,MCH50,R4,37.233333333333334,0.2672199927270412,mCherry,973.9,6.699999999999989
9000.0,B10,0.01875,MCH50,R4,37.26666666666667,0.30204998701810837,mCherry,1609.6,4.0
9900.0,B10,0.01875,MCH50,R4,37.166666666666664,0.3370399966835976,mCherry,2290.7,5.199999999999989
10800.0,B10,0.01875,MCH50,R4,37.1,0.36679999306797983,mCherry,3071.5,4.599999999999994
11700.0,B10,0.01875,MCH50,R4,37.13333333333333,0.3934800148010254,mCherry,3827.6,7.099999999999994
12600.0,B10,0.01875,MCH50,R4,37.166666666666664,0.42216000854969027,mCherry,4456.9,6.599999999999994
13500.0,B10,0.01875,MCH50,R4,37.1,0.45494998395442965,mCherry,4809.9,9.099999999999994
14400.0,B10,0.01875,MCH50,R4,37.06666666666667,0.48883000761270523,mCherry,5070.6,9.800000000000011
15300.0,B10,0.01875,MCH50,R4,37.199999999999996,0.5205900222063065,mCherry,5164.8,14.300000000000011
16200.0,B10,0.01875,MCH50,R4,37.03333333333333,0.5505000203847885,mCherry,5308.3,19.30000000000001
17100.0,B10,0.01875,MCH50,R4,37.13333333333333,0.5813900209963322,mCherry,5344.1,28.900000000000006
18000.0,B10,0.01875,MCH50,R4,37.0,0.6212000094354153,mCherry,5446.5,30.599999999999994
18900.0,B10,0.01875,MCH50,R4,37.1,0.6441099949181079,mCherry,5519.5,24.0
19800.0,B10,0.01875,MCH50,R4,37.23333333333333,0.6631999962031842,mCherry,5635.3,29.099999999999994
20700.0,B10,0.01875,MCH50,R4,37.1,0.6794100277125835,mCherry,5786.0,32.69999999999999
21600.0,B10,0.01875,MCH50,R4,37.233333333333334,0.6942599810659885,mCherry,5971.2,34.599999999999994
22500.0,B10,0.01875,MCH50,R4,37.13333333333333,0.7079699873924256,mCherry,6121.8,36.599999999999994
23400.0,B10,0.01875,MCH50,R4,37.23333333333333,0.7206300273537636,mCherry,6266.2,39.099999999999994
24300.0,B10,0.01875,MCH50,R4,37.13333333333333,0.732680008560419,mCherry,6438.6,42.400000000000006
25200.0,B10,0.01875,MCH50,R4,37.166666666666664,0.7406799905002117,mCherry,6493.6,43.099999999999994
26100.0,B10,0.01875,MCH50,R4,37.13333333333333,0.747220029681921,mCherry,6517.3,49.30000000000001
27000.0,B10,0.01875,MCH50,R4,37.23333333333333,0.7561299748718738,mCherry,6634.3,47.69999999999999
27900.0,B10,0.01875,MCH50,R4,37.199999999999996,0.7624200232326984,mCherry,6645.5,52.099999999999994
28800.0,B10,0.01875,MCH50,R4,37.1,0.7712600089609623,mCherry,6752.3,53.30000000000001
29700.0,B10,0.01875,MCH50,R4,37.16666666666667,0.7782700054347516,mCherry,6879.5,56.099999999999994
30600.0,B10,0.01875,MCH50,R4,37.2,0.7836399801075459,mCherry,6989.1,58.69999999999999
31500.0,B10,0.01875,MCH50,R4,37.233333333333334,0.7890500091016293,mCherry,7139.9,61.19999999999999
32400.0,B10,0.01875,MCH50,R4,37.3,0.7933300070464611,mCherry,7205.4,59.19999999999999
33300.0,B10,0.01875,MCH50,R4,37.1,0.7978699952363968,mCherry,7327.4,63.5
34200.0,B10,0.01875,MCH50,R4,37.166666666666664,0.7991700060665607,mCherry,7497.3,65.5
35100.0,B10,0.01875,MCH50,R4,37.233333333333334,0.801520013064146,mCherry,7601.0,66.6
36000.0,B10,0.01875,MCH50,R4,37.13333333333333,0.801369971036911,mCherry,7669.2,69.4
36900.0,B10,0.01875,MCH50,R4,37.300000000000004,0.802210009098053,mCherry,7774.0,72.69999999999999
37800.0,B10,0.01875,MCH50,R4,37.13333333333333,0.8034800037741661,mCherry,7768.7,72.9
38700.0,B10,0.01875,MCH50,R4,37.13333333333333,0.8087499737739563,mCherry,7855.4,77.69999999999999
39600.0,B10,0.01875,MCH50,R4,37.166666666666664,0.8115999773144722,mCherry,7860.4,79.30000000000001
40500.0,B10,0.01875,MCH50,R4,37.166666666666664,0.8095999866724014,mCherry,7930.9,81.0
41400.0,B10,0.01875,MCH50,R4,37.36666666666667,0.805509977787733,mCherry,7935.8,85.69999999999999
42300.0,B10,0.01875,MCH50,R4,37.13333333333333,0.802019976824522,mCherry,7917.3,83.80000000000001
43200.0,B10,0.01875,MCH50,R4,37.26666666666667,0.798399993032217,mCherry,7907.7,88.5
0.0,B11,0.01875,GFP10,R4,37.166666666666664,0.028410000354051584,GFP,0.5,563.7
900.0,B11,0.01875,GFP10,R4,37.1,0.035069999843835825,GFP,1.3000000000000007,530.4
1800.0,B11,0.01875,GFP10,R4,37.300000000000004,0.048629994690418246,GFP,-0.6999999999999993,549.8
2700.0,B11,0.01875,GFP10,R4,37.46666666666667,0.07049999386072159,GFP,-1.3000000000000007,638.6
3600.0,B11,0.01875,GFP10,R4,37.06666666666667,0.0989999994635582,GFP,1.1999999999999993,821.2
4500.0,B11,0.01875,GFP10,R4,37.23333333333333,0.13077000230550767,GFP,0.9000000000000004,1133.0
5400.0,B11,0.01875,GFP10,R4,37.0,0.1663099966943264,GFP,0.1999999999999993,1552.5
6300.0,B11,0.01875,GFP10,R4,37.03333333333333,0.20698001310229303,GFP,-0.09999999999999964,2025.9
7200.0,B11,0.01875,GFP10,R4,37.1,0.26165000200271604,GFP,-0.5,2503.6
8100.0,B11,0.01875,GFP10,R4,37.233333333333334,0.3239199839532375,GFP,0.9000000000000004,2910.7
9000.0,B11,0.01875,GFP10,R4,37.26666666666667,0.37995000928640366,GFP,-0.40000000000000036,3248.0
9900.0,B11,0.01875,GFP10,R4,37.166666666666664,0.42603998333215715,GFP,-1.3000000000000007,3489.2
10800.0,B11,0.01875,GFP10,R4,37.1,0.46509997323155405,GFP,-0.5,3738.6
11700.0,B11,0.01875,GFP10,R4,37.13333333333333,0.5044800162315368,GFP,0.5999999999999996,3876.1
12600.0,B11,0.01875,GFP10,R4,37.166666666666664,0.5414600163698197,GFP,0.9000000000000004,4013.6
13500.0,B11,0.01875,GFP10,R4,37.1,0.5735499948263169,GFP,-0.09999999999999964,4060.1
14400.0,B11,0.01875,GFP10,R4,37.06666666666667,0.6145300045609474,GFP,1.5999999999999996,4137.8
15300.0,B11,0.01875,GFP10,R4,37.199999999999996,0.6442899852991104,GFP,0.8000000000000007,4137.3
16200.0,B11,0.01875,GFP10,R4,37.03333333333333,0.6790000051259995,GFP,1.3000000000000007,4136.3
17100.0,B11,0.01875,GFP10,R4,37.13333333333333,0.7031900264322758,GFP,5.1,4127.9
18000.0,B11,0.01875,GFP10,R4,37.0,0.7193999730050564,GFP,1.5,4165.6
18900.0,B11,0.01875,GFP10,R4,37.1,0.7375099964439868,GFP,0.5,4180.0
19800.0,B11,0.01875,GFP10,R4,37.23333333333333,0.7506999723613262,GFP,0.3000000000000007,4178.1
20700.0,B11,0.01875,GFP10,R4,37.1,0.7638100259006023,GFP,1.0,4189.7
21600.0,B11,0.01875,GFP10,R4,37.233333333333334,0.7761599816381931,GFP,1.1999999999999993,4176.6
22500.0,B11,0.01875,GFP10,R4,37.13333333333333,0.7872699737548828,GFP,1.8000000000000007,4203.6
23400.0,B11,0.01875,GFP10,R4,37.23333333333333,0.7962299957871437,GFP,2.1999999999999993,4206.1
24300.0,B11,0.01875,GFP10,R4,37.13333333333333,0.8059800125658512,GFP,2.5999999999999996,4230.4
25200.0,B11,0.01875,GFP10,R4,37.166666666666664,0.8156799785792828,GFP,2.5999999999999996,4221.1
26100.0,B11,0.01875,GFP10,R4,37.13333333333333,0.8250200055539608,GFP,3.3000000000000007,4248.3
27000.0,B11,0.01875,GFP10,R4,37.23333333333333,0.8350300140678882,GFP,2.3000000000000007,4252.7
27900.0,B11,0.01875,GFP10,R4,37.199999999999996,0.8416199930012226,GFP,2.5,4221.1
28800.0,B11,0.01875,GFP10,R4,37.1,0.8488600112497806,GFP,3.3000000000000007,4248.3
29700.0,B11,0.01875,GFP10,R4,37.16666666666667,0.854669987410307,GFP,4.5,4218.1
30600.0,B11,0.01875,GFP10,R4,37.2,0.8601399786770344,GFP,5.1,4234.7
31500.0,B11,0.01875,GFP10,R4,37.233333333333334,0.8654499910771847,GFP,2.9000000000000004,4232.2
32400.0,B11,0.01875,GFP10,R4,37.3,0.870029979199171,GFP,4.4,4221.2
33300.0,B11,0.01875,GFP10,R4,37.1,0.8745700269937515,GFP,5.4,4196.5
34200.0,B11,0.01875,GFP10,R4,37.166666666666664,0.8767700083553791,GFP,1.3000000000000007,4184.5
35100.0,B11,0.01875,GFP10,R4,37.233333333333334,0.8781200282275676,GFP,5.0,4168.6
36000.0,B11,0.01875,GFP10,R4,37.13333333333333,0.8789699733257293,GFP,4.199999999999999,4162.4
36900.0,B11,0.01875,GFP10,R4,37.300000000000004,0.8818099856376648,GFP,6.0,4145.7
37800.0,B11,0.01875,GFP10,R4,37.13333333333333,0.8834799870848655,GFP,2.6999999999999993,4090.9
38700.0,B11,0.01875,GFP10,R4,37.13333333333333,0.8842499852180481,GFP,5.4,4102.7
39600.0,B11,0.01875,GFP10,R4,37.166666666666664,0.8905000165104866,GFP,3.4000000000000004,4038.3
40500.0,B11,0.01875,GFP10,R4,37.166666666666664,0.891499987244606,GFP,3.9000000000000004,4032.0
41400.0,B11,0.01875,GFP10,R4,37.36666666666667,0.8911099962890148,GFP,3.8000000000000007,4015.7
42300.0,B11,0.01875,GFP10,R4,37.13333333333333,0.8927200071513652,GFP,5.300000000000001,3990.8
43200.0,B11,0.01875,GFP10,R4,37.26666666666667,0.8952000223100185,GFP,3.6999999999999993,3965.5
0.0,C2,0.01875,MCH25,R0.5,37.166666666666664,0.028309998661279673,mCherry,87.5,-7.300000000000011
900.0,C2,0.01875,MCH25,R0.5,37.1,0.033269999176263804,mCherry,81.3,-8.599999999999994
1800.0,C2,0.01875,MCH25,R0.5,37.300000000000004,0.04563000351190567,mCherry,80.3,-7.199999999999989
2700.0,C2,0.01875,MCH25,R0.5,37.46666666666667,0.06789999455213547,mCherry,88.7,-9.400000000000006
3600.0,C2,0.01875,MCH25,R0.5,37.06666666666667,0.0989999994635582,mCherry,97.2,-3.8000000000000114
4500.0,C2,0.01875,MCH25,R0.5,37.23333333333333,0.1350700005888939,mCherry,120.9,-5.0
5400.0,C2,0.01875,MCH25,R0.5,37.0,0.16601000651717185,mCherry,173.2,-5.5
6300.0,C2,0.01875,MCH25,R0.5,37.03333333333333,0.18468000814318658,mCherry,305.9,-4.099999999999994
7200.0,C2,0.01875,MCH25,R0.5,37.1,0.20135000944137574,mCherry,558.5,-2.4000000000000057
8100.0,C2,0.01875,MCH25,R0.5,37.233333333333334,0.21472001299262047,mCherry,917.9,-1.3000000000000114
9000.0,C2,0.01875,MCH25,R0.5,37.26666666666667,0.22884999960660934,mCherry,1407.6,-3.0
9900.0,C2,0.01875,MCH25,R0.5,37.166666666666664,0.242339988052845,mCherry,1983.7,-2.8000000000000114
10800.0,C2,0.01875,MCH25,R0.5,37.1,0.25910000279545786,mCherry,2570.5,-1.4000000000000057
11700.0,C2,0.01875,MCH25,R0.5,37.13333333333333,0.2779800117015839,mCherry,3116.6,-1.9000000000000057
12600.0,C2,0.01875,MCH25,R0.5,37.166666666666664,0.2979599922895432,mCherry,3652.9,0.5999999999999943
13500.0,C2,0.01875,MCH25,R0.5,37.1,0.3166500121355057,mCherry,4091.9,-0.9000000000000057
14400.0,C2,0.01875,MCH25,R0.5,37.06666666666667,0.3358300104737282,mCherry,4530.6,-3.1999999999999886
15300.0,C2,0.01875,MCH25,R0.5,37.199999999999996,0.3575900048017502,mCherry,4780.8,1.3000000000000114
16200.0,C2,0.01875,MCH25,R0.5,37.03333333333333,0.383200004696846,mCherry,5042.3,0.30000000000001137
17100.0,C2,0.01875,MCH25,R0.5,37.13333333333333,0.41308998838067057,mCherry,5203.1,1.9000000000000057
18000.0,C2,0.01875,MCH25,R0.5,37.0,0.4485999785363674,mCherry,5322.5,3.5999999999999943
18900.0,C2,0.01875,MCH25,R0.5,37.1,0.4865100093185902,mCherry,5418.5,4.0
19800.0,C2,0.01875,MCH25,R0.5,37.23333333333333,0.52559999153018,mCherry,5407.3,8.099999999999994
20700.0,C2,0.01875,MCH25,R0.5,37.1,0.5647100083529949,mCherry,5462.0,13.699999999999989
21600.0,C2,0.01875,MCH25,R0.5,37.233333333333334,0.6135600008070469,mCherry,5392.2,16.599999999999994
22500.0,C2,0.01875,MCH25,R0.5,37.13333333333333,0.6377700209617615,mCherry,5459.8,23.599999999999994
23400.0,C2,0.01875,MCH25,R0.5,37.23333333333333,0.6502300277352333,mCherry,5471.2,20.099999999999994
24300.0,C2,0.01875,MCH25,R0.5,37.13333333333333,0.6661800004541873,mCherry,5529.6,23.400000000000006
25200.0,C2,0.01875,MCH25,R0.5,37.166666666666664,0.68427998945117,mCherry,5628.6,26.099999999999994
26100.0,C2,0.01875,MCH25,R0.5,37.13333333333333,0.6999199889600277,mCherry,5668.3,29.30000000000001
27000.0,C2,0.01875,MCH25,R0.5,37.23333333333333,0.7149299927055836,mCherry,5678.3,30.69999999999999
27900.0,C2,0.01875,MCH25,R0.5,37.199999999999996,0.7281199939548969,mCherry,5676.5,34.099999999999994
28800.0,C2,0.01875,MCH25,R0.5,37.1,0.7423599816858768,mCherry,5676.3,36.30000000000001
29700.0,C2,0.01875,MCH25,R0.5,37.16666666666667,0.7531700126826764,mCherry,5643.5,37.099999999999994
30600.0,C2,0.01875,MCH25,R0.5,37.2,0.7635399825870991,mCherry,5637.1,42.69999999999999
31500.0,C2,0.01875,MCH25,R0.5,37.233333333333334,0.774050023406744,mCherry,5657.9,42.19999999999999
32400.0,C2,0.01875,MCH25,R0.5,37.3,0.7818300060927867,mCherry,5692.4,43.19999999999999
33300.0,C2,0.01875,MCH25,R0.5,37.1,0.7889700084924698,mCherry,5714.4,47.5
34200.0,C2,0.01875,MCH25,R0.5,37.166666666666664,0.7944700010120869,mCherry,5747.3,49.5
35100.0,C2,0.01875,MCH25,R0.5,37.233333333333334,0.7999199859797954,mCherry,5715.0,51.599999999999994
36000.0,C2,0.01875,MCH25,R0.5,37.13333333333333,0.804470008611679,mCherry,5800.2,51.400000000000006
36900.0,C2,0.01875,MCH25,R0.5,37.300000000000004,0.8079100012779236,mCherry,5877.0,55.69999999999999
37800.0,C2,0.01875,MCH25,R0.5,37.13333333333333,0.8144799813628196,mCherry,5899.7,56.900000000000006
38700.0,C2,0.01875,MCH25,R0.5,37.13333333333333,0.8230500221252441,mCherry,5922.4,61.69999999999999
39600.0,C2,0.01875,MCH25,R0.5,37.166666666666664,0.8248999789357185,mCherry,5914.4,58.30000000000001
40500.0,C2,0.01875,MCH25,R0.5,37.166666666666664,0.8238000184297561,mCherry,5933.9,63.0
41400.0,C2,0.01875,MCH25,R0.5,37.36666666666667,0.8224099807441234,mCherry,5980.8,63.69999999999999
42300.0,C2,0.01875,MCH25,R0.5,37.13333333333333,0.8224200241267681,mCherry,5964.3,66.80000000000001
43200.0,C2,0.01875,MCH25,R0.5,37.26666666666667,0.8211000047624111,mCherry,5966.7,69.5
0.0,C3,0.01875,GFP25,R0.25,37.166666666666664,0.030909997969865793,GFP,-0.5,427.7
900.0,C3,0.01875,GFP25,R0.25,37.1,0.032869999855756754,GFP,0.3000000000000007,391.4
1800.0,C3,0.01875,GFP25,R0.25,37.300000000000004,0.04553000181913376,GFP,-0.6999999999999993,413.8
2700.0,C3,0.01875,GFP25,R0.25,37.46666666666667,0.06670000404119492,GFP,-1.3000000000000007,521.6
3600.0,C3,0.01875,GFP25,R0.25,37.06666666666667,0.09480000287294388,GFP,1.1999999999999993,847.2
4500.0,C3,0.01875,GFP25,R0.25,37.23333333333333,0.12307000607252121,GFP,-0.09999999999999964,1516.0
5400.0,C3,0.01875,GFP25,R0.25,37.0,0.14921000525355338,GFP,-0.8000000000000007,2625.5
6300.0,C3,0.01875,GFP25,R0.25,37.03333333333333,0.17307999059557916,GFP,-1.0999999999999996,4000.9
7200.0,C3,0.01875,GFP25,R0.25,37.1,0.19165000915527344,GFP,-1.5,5580.6
8100.0,C3,0.01875,GFP25,R0.25,37.233333333333334,0.20881998762488366,GFP,-1.0999999999999996,7136.7
9000.0,C3,0.01875,GFP25,R0.25,37.26666666666667,0.22824998944997787,GFP,-0.40000000000000036,8713.0
9900.0,C3,0.01875,GFP25,R0.25,37.166666666666664,0.24824001342058183,GFP,0.6999999999999993,10229.2
10800.0,C3,0.01875,GFP25,R0.25,37.1,0.2706999905407429,GFP,-1.5,11665.6
11700.0,C3,0.01875,GFP25,R0.25,37.13333333333333,0.2950799882411957,GFP,0.5999999999999996,12913.1
12600.0,C3,0.01875,GFP25,R0.25,37.166666666666664,0.32136000096797945,GFP,-0.09999999999999964,14252.6
13500.0,C3,0.01875,GFP25,R0.25,37.1,0.35204998552799227,GFP,-0.09999999999999964,15281.1
14400.0,C3,0.01875,GFP25,R0.25,37.06666666666667,0.38832999020814896,GFP,-0.40000000000000036,16249.8
15300.0,C3,0.01875,GFP25,R0.25,37.199999999999996,0.41819001734256744,GFP,-3.1999999999999993,16645.3
16200.0,C3,0.01875,GFP25,R0.25,37.03333333333333,0.45090000331401825,GFP,-0.6999999999999993,17345.3
17100.0,C3,0.01875,GFP25,R0.25,37.13333333333333,0.4879900194704533,GFP,-0.9000000000000004,18037.9
18000.0,C3,0.01875,GFP25,R0.25,37.0,0.5290000282227993,GFP,0.5,18535.6
18900.0,C3,0.01875,GFP25,R0.25,37.1,0.5680100031197071,GFP,1.5,18826.0
19800.0,C3,0.01875,GFP25,R0.25,37.23333333333333,0.5993000023066998,GFP,-0.6999999999999993,19015.1
20700.0,C3,0.01875,GFP25,R0.25,37.1,0.6286100022494793,GFP,-1.0,19346.7
21600.0,C3,0.01875,GFP25,R0.25,37.233333333333334,0.6722600258886814,GFP,0.1999999999999993,19353.6
22500.0,C3,0.01875,GFP25,R0.25,37.13333333333333,0.6909700274467468,GFP,0.8000000000000007,19495.6
23400.0,C3,0.01875,GFP25,R0.25,37.23333333333333,0.7056299820542336,GFP,1.1999999999999993,19441.1
24300.0,C3,0.01875,GFP25,R0.25,37.13333333333333,0.7230800248682498,GFP,0.5999999999999996,19585.4
25200.0,C3,0.01875,GFP25,R0.25,37.166666666666664,0.7374799959361553,GFP,-0.40000000000000036,19342.1
26100.0,C3,0.01875,GFP25,R0.25,37.13333333333333,0.7493200205266476,GFP,0.3000000000000007,19385.3
27000.0,C3,0.01875,GFP25,R0.25,37.23333333333333,0.7627299971878528,GFP,1.3000000000000007,19348.7
27900.0,C3,0.01875,GFP25,R0.25,37.199999999999996,0.7748199947178364,GFP,0.5,19158.1
28800.0,C3,0.01875,GFP25,R0.25,37.1,0.7858599878847599,GFP,0.3000000000000007,19247.3
29700.0,C3,0.01875,GFP25,R0.25,37.16666666666667,0.7942699782550335,GFP,1.5,19234.1
30600.0,C3,0.01875,GFP25,R0.25,37.2,0.8025400169193745,GFP,2.0999999999999996,19043.7
31500.0,C3,0.01875,GFP25,R0.25,37.233333333333334,0.812649991363287,GFP,2.9000000000000004,19054.2
32400.0,C3,0.01875,GFP25,R0.25,37.3,0.8203300170600414,GFP,3.4000000000000004,18997.2
33300.0,C3,0.01875,GFP25,R0.25,37.1,0.8254699856042862,GFP,2.4000000000000004,18900.5
34200.0,C3,0.01875,GFP25,R0.25,37.166666666666664,0.8301700241863728,GFP,1.3000000000000007,18862.5
35100.0,C3,0.01875,GFP25,R0.25,37.233333333333334,0.8347199790179729,GFP,3.0,18757.6
36000.0,C3,0.01875,GFP25,R0.25,37.13333333333333,0.8358699738979339,GFP,3.1999999999999993,18841.4
36900.0,C3,0.01875,GFP25,R0.25,37.300000000000004,0.8360100150108337,GFP,6.0,18675.7
37800.0,C3,0.01875,GFP25,R0.25,37.13333333333333,0.8360799893736839,GFP,2.6999999999999993,18490.9
38700.0,C3,0.01875,GFP25,R0.25,37.13333333333333,0.8367499709129333,GFP,4.4,18546.7
39600.0,C3,0.01875,GFP25,R0.25,37.166666666666664,0.8380000069737434,GFP,3.4000000000000004,18279.3
40500.0,C3,0.01875,GFP25,R0.25,37.166666666666664,0.8417000085115433,GFP,5.9,18258.0
41400.0,C3,0.01875,GFP25,R0.25,37.36666666666667,0.8376099996268749,GFP,5.800000000000001,18122.7
42300.0,C3,0.01875,GFP25,R0.25,37.13333333333333,0.8309200040996074,GFP,4.300000000000001,18009.8
43200.0,C3,0.01875,GFP25,R0.25,37.26666666666667,0.8241999827325344,GFP,2.6999999999999993,17852.5
0.0,C4,0.01875,GFP90,R0.25,37.166666666666664,0.027110000699758524,GFP,1.5,547.7
900.0,C4,0.01875,GFP90,R0.25,37.1,0.031069999188184733,GFP,-1.6999999999999993,524.4
1800.0,C4,0.01875,GFP90,R0.25,37.300000000000004,0.04062999337911606,GFP,1.3000000000000007,519.8
2700.0,C4,0.01875,GFP90,R0.25,37.46666666666667,0.058299995958805084,GFP,-1.3000000000000007,591.6
3600.0,C4,0.01875,GFP90,R0.25,37.06666666666667,0.0861000046133995,GFP,-0.8000000000000007,830.2
4500.0,C4,0.01875,GFP90,R0.25,37.23333333333333,0.12176999896764755,GFP,-0.09999999999999964,1424.0
5400.0,C4,0.01875,GFP90,R0.25,37.0,0.16621000990271567,GFP,-0.8000000000000007,2685.5
6300.0,C4,0.01875,GFP90,R0.25,37.03333333333333,0.21128001138567926,GFP,-1.0999999999999996,4956.9
7200.0,C4,0.01875,GFP90,R0.25,37.1,0.2596499979496002,GFP,-1.5,8541.6
8100.0,C4,0.01875,GFP90,R0.25,37.233333333333334,0.31051999554038046,GFP,-0.09999999999999964,12800.7
9000.0,C4,0.01875,GFP90,R0.25,37.26666666666667,0.36125000566244125,GFP,-2.4000000000000004,17661.0
9900.0,C4,0.01875,GFP90,R0.25,37.166666666666664,0.41303997188806535,GFP,-2.3000000000000007,22301.2
10800.0,C4,0.01875,GFP90,R0.25,37.1,0.46040002778172495,GFP,-0.5,26423.6
11700.0,C4,0.01875,GFP90,R0.25,37.13333333333333,0.49768002033233644,GFP,-0.40000000000000036,30311.1
12600.0,C4,0.01875,GFP90,R0.25,37.166666666666664,0.5330599933862686,GFP,-0.09999999999999964,34277.6
13500.0,C4,0.01875,GFP90,R0.25,37.1,0.5654500216245651,GFP,0.9000000000000004,37550.1
14400.0,C4,0.01875,GFP90,R0.25,37.06666666666667,0.5972299948334694,GFP,-1.4000000000000004,40804.8
15300.0,C4,0.01875,GFP90,R0.25,37.199999999999996,0.6272900253534317,GFP,0.8000000000000007,43509.3
16200.0,C4,0.01875,GFP90,R0.25,37.03333333333333,0.6536000221967697,GFP,1.3000000000000007,45866.3
17100.0,C4,0.01875,GFP90,R0.25,37.13333333333333,0.6722900249063969,GFP,0.09999999999999964,47600.9
18000.0,C4,0.01875,GFP90,R0.25,37.0,0.687700017541647,GFP,0.5,49383.6
18900.0,C4,0.01875,GFP90,R0.25,37.1,0.697810024768114,GFP,3.5,50340.0
19800.0,C4,0.01875,GFP90,R0.25,37.23333333333333,0.7054000250995159,GFP,-0.6999999999999993,51046.1
20700.0,C4,0.01875,GFP90,R0.25,37.1,0.7096099726855755,GFP,2.0,51710.7
21600.0,C4,0.01875,GFP90,R0.25,37.233333333333334,0.7167600192129612,GFP,0.1999999999999993,51202.6
22500.0,C4,0.01875,GFP90,R0.25,37.13333333333333,0.7131700158119202,GFP,1.8000000000000007,51462.6
23400.0,C4,0.01875,GFP90,R0.25,37.23333333333333,0.7117299810051918,GFP,1.1999999999999993,51090.1
24300.0,C4,0.01875,GFP90,R0.25,37.13333333333333,0.7078800059854984,GFP,-0.40000000000000036,51242.4
25200.0,C4,0.01875,GFP90,R0.25,37.166666666666664,0.7072799913585186,GFP,2.5999999999999996,50738.1
26100.0,C4,0.01875,GFP90,R0.25,37.13333333333333,0.70961998924613,GFP,1.3000000000000007,51066.3
27000.0,C4,0.01875,GFP90,R0.25,37.23333333333333,0.7139300055801868,GFP,0.3000000000000007,50850.7
27900.0,C4,0.01875,GFP90,R0.25,37.199999999999996,0.7192200072109699,GFP,1.5,50353.1
28800.0,C4,0.01875,GFP90,R0.25,37.1,0.7241600014269352,GFP,-0.6999999999999993,50601.3
29700.0,C4,0.01875,GFP90,R0.25,37.16666666666667,0.7289699904620648,GFP,0.5,50510.1
30600.0,C4,0.01875,GFP90,R0.25,37.2,0.7344399817287922,GFP,3.0999999999999996,49907.7
31500.0,C4,0.01875,GFP90,R0.25,37.233333333333334,0.7388500235974789,GFP,1.9000000000000004,50233.2
32400.0,C4,0.01875,GFP90,R0.25,37.3,0.7428299717605114,GFP,3.4000000000000004,50010.2
33300.0,C4,0.01875,GFP90,R0.25,37.1,0.7377699762582779,GFP,3.4000000000000004,49559.5
34200.0,C4,0.01875,GFP90,R0.25,37.166666666666664,0.7314699776470661,GFP,2.3000000000000007,49511.5
35100.0,C4,0.01875,GFP90,R0.25,37.233333333333334,0.7255199782550334,GFP,4.0,49291.6
36000.0,C4,0.01875,GFP90,R0.25,37.13333333333333,0.7176700294017792,GFP,6.199999999999999,49209.4
36900.0,C4,0.01875,GFP90,R0.25,37.300000000000004,0.7134099960327148,GFP,4.0,49191.7
37800.0,C4,0.01875,GFP90,R0.25,37.13333333333333,0.7176800116896629,GFP,3.6999999999999993,48530.9
38700.0,C4,0.01875,GFP90,R0.25,37.13333333333333,0.7156500220298767,GFP,3.4000000000000004,48892.7
39600.0,C4,0.01875,GFP90,R0.25,37.166666666666664,0.7113000229001045,GFP,3.4000000000000004,48314.3
40500.0,C4,0.01875,GFP90,R0.25,37.166666666666664,0.7074000149965286,GFP,3.9000000000000004,48467.0
41400.0,C4,0.01875,GFP90,R0.25,37.36666666666667,0.7048100166022777,GFP,4.800000000000001,48418.7
42300.0,C4,0.01875,GFP90,R0.25,37.13333333333333,0.7013200156390667,GFP,3.3000000000000007,48431.8
43200.0,C4,0.01875,GFP90,R0.25,37.26666666666667,0.6966999851167202,GFP,1.6999999999999993,48365.5
0.0,C5,0.01875,GFP25,R2,37.166666666666664,0.0326099969446659,GFP,-2.5,1344.7
900.0,C5,0.01875,GFP25,R2,37.1,0.03476999476552009,GFP,0.3000000000000007,1195.4
1800.0,C5,0.01875,GFP25,R2,37.300000000000004,0.04563000351190567,GFP,0.3000000000000007,1212.8
2700.0,C5,0.01875,GFP25,R2,37.46666666666667,0.06199999898672104,GFP,-0.3000000000000007,1388.6
3600.0,C5,0.01875,GFP25,R2,37.06666666666667,0.08420000225305557,GFP,-0.8000000000000007,1934.2
4500.0,C5,0.01875,GFP25,R2,37.23333333333333,0.11036999970674514,GFP,-0.09999999999999964,3024.0
5400.0,C5,0.01875,GFP25,R2,37.0,0.13620999380946158,GFP,-0.8000000000000007,4791.5
6300.0,C5,0.01875,GFP25,R2,37.03333333333333,0.1635799936950207,GFP,-0.09999999999999964,7056.9
7200.0,C5,0.01875,GFP25,R2,37.1,0.19064999222755433,GFP,0.5,9378.6
8100.0,C5,0.01875,GFP25,R2,37.233333333333334,0.21792000755667687,GFP,-0.09999999999999964,11646.7
9000.0,C5,0.01875,GFP25,R2,37.26666666666667,0.24995001405477524,GFP,-0.40000000000000036,13793.0
9900.0,C5,0.01875,GFP25,R2,37.166666666666664,0.2867399945855141,GFP,0.6999999999999993,15600.2
10800.0,C5,0.01875,GFP25,R2,37.1,0.33060000613331797,GFP,-0.5,17531.6
11700.0,C5,0.01875,GFP25,R2,37.13333333333333,0.38307998776435853,GFP,-2.4000000000000004,18808.1
12600.0,C5,0.01875,GFP25,R2,37.166666666666664,0.4346599966287613,GFP,-1.0999999999999996,19721.6
13500.0,C5,0.01875,GFP25,R2,37.1,0.47284997403621676,GFP,-1.0999999999999996,20207.1
14400.0,C5,0.01875,GFP25,R2,37.06666666666667,0.5121299996972084,GFP,-0.40000000000000036,20679.8
15300.0,C5,0.01875,GFP25,R2,37.199999999999996,0.5549900084733963,GFP,-0.1999999999999993,20661.3
16200.0,C5,0.01875,GFP25,R2,37.03333333333333,0.5911000221967697,GFP,-0.6999999999999993,20383.3
17100.0,C5,0.01875,GFP25,R2,37.13333333333333,0.6209899760782719,GFP,-0.9000000000000004,20086.9
18000.0,C5,0.01875,GFP25,R2,37.0,0.666900023072958,GFP,2.5,19832.6
18900.0,C5,0.01875,GFP25,R2,37.1,0.6829099960625171,GFP,0.5,19563.0
19800.0,C5,0.01875,GFP25,R2,37.23333333333333,0.7022999875247479,GFP,0.3000000000000007,19293.1
20700.0,C5,0.01875,GFP25,R2,37.1,0.7211099736392498,GFP,3.0,19146.7
21600.0,C5,0.01875,GFP25,R2,37.233333333333334,0.7379600204527378,GFP,1.1999999999999993,18936.6
22500.0,C5,0.01875,GFP25,R2,37.13333333333333,0.7517699837684632,GFP,0.8000000000000007,18935.6
23400.0,C5,0.01875,GFP25,R2,37.23333333333333,0.7649299874901772,GFP,2.1999999999999993,18725.1
24300.0,C5,0.01875,GFP25,R2,37.13333333333333,0.7774799920618534,GFP,0.5999999999999996,18846.4
25200.0,C5,0.01875,GFP25,R2,37.166666666666664,0.788479994982481,GFP,1.5999999999999996,18623.1
26100.0,C5,0.01875,GFP25,R2,37.13333333333333,0.7993199728429318,GFP,4.300000000000001,18729.3
27000.0,C5,0.01875,GFP25,R2,37.23333333333333,0.8112299986183643,GFP,1.3000000000000007,18615.7
27900.0,C5,0.01875,GFP25,R2,37.199999999999996,0.8196199782192707,GFP,2.5,18456.1
28800.0,C5,0.01875,GFP25,R2,37.1,0.8269600130617618,GFP,4.300000000000001,18497.3
29700.0,C5,0.01875,GFP25,R2,37.16666666666667,0.8325700156390667,GFP,1.5,18395.1
30600.0,C5,0.01875,GFP25,R2,37.2,0.8385399706661701,GFP,5.1,18331.7
31500.0,C5,0.01875,GFP25,R2,37.233333333333334,0.8444500230252743,GFP,4.9,18211.2
32400.0,C5,0.01875,GFP25,R2,37.3,0.8496299915015697,GFP,2.4000000000000004,18199.2
33300.0,C5,0.01875,GFP25,R2,37.1,0.8542699962854385,GFP,3.4000000000000004,18065.5
34200.0,C5,0.01875,GFP25,R2,37.166666666666664,0.8564699776470661,GFP,7.300000000000001,18106.5
35100.0,C5,0.01875,GFP25,R2,37.233333333333334,0.8597200147807598,GFP,2.0,17880.6
36000.0,C5,0.01875,GFP25,R2,37.13333333333333,0.8622700035572052,GFP,6.199999999999999,17930.4
36900.0,C5,0.01875,GFP25,R2,37.300000000000004,0.8709100246429443,GFP,3.0,17740.7
37800.0,C5,0.01875,GFP25,R2,37.13333333333333,0.8718800291419029,GFP,4.699999999999999,17449.9
38700.0,C5,0.01875,GFP25,R2,37.13333333333333,0.8708500266075134,GFP,4.4,17584.7
39600.0,C5,0.01875,GFP25,R2,37.166666666666664,0.8690000250935555,GFP,3.4000000000000004,17357.3
40500.0,C5,0.01875,GFP25,R2,37.166666666666664,0.8655000239610672,GFP,5.9,17306.0
41400.0,C5,0.01875,GFP25,R2,37.36666666666667,0.8649099998176097,GFP,4.800000000000001,17304.7
42300.0,C5,0.01875,GFP25,R2,37.13333333333333,0.8660199873149395,GFP,6.300000000000001,17271.8
43200.0,C5,0.01875,GFP25,R2,37.26666666666667,0.8650000177323818,GFP,2.6999999999999993,17198.5
0.0,C6,0.01875,MCH25,R2,37.166666666666664,0.0277099959552288,mCherry,117.5,6.699999999999989
900.0,C6,0.01875,MCH25,R2,37.1,0.036769998818635935,mCherry,117.3,17.400000000000006
1800.0,C6,0.01875,MCH25,R2,37.300000000000004,0.044930006563663485,mCherry,117.3,8.800000000000011
2700.0,C6,0.01875,MCH25,R2,37.46666666666667,0.06429999321699142,mCherry,117.7,6.599999999999994
3600.0,C6,0.01875,MCH25,R2,37.06666666666667,0.0916999951004982,mCherry,128.2,10.199999999999989
4500.0,C6,0.01875,MCH25,R2,37.23333333333333,0.1302699938416481,mCherry,147.9,5.0
5400.0,C6,0.01875,MCH25,R2,37.0,0.16840998753905295,mCherry,200.2,3.5
6300.0,C6,0.01875,MCH25,R2,37.03333333333333,0.20478000566363336,mCherry,302.9,7.900000000000006
7200.0,C6,0.01875,MCH25,R2,37.1,0.25264999866485593,mCherry,461.5,3.5999999999999943
8100.0,C6,0.01875,MCH25,R2,37.233333333333334,0.3060199938714504,mCherry,670.9,6.699999999999989
9000.0,C6,0.01875,MCH25,R2,37.26666666666667,0.3576500043272972,mCherry,878.6,4.0
9900.0,C6,0.01875,MCH25,R2,37.166666666666664,0.4047399953007698,mCherry,1127.7,8.199999999999989
10800.0,C6,0.01875,MCH25,R2,37.1,0.4550999827682972,mCherry,1290.5,10.599999999999994
11700.0,C6,0.01875,MCH25,R2,37.13333333333333,0.5133800029754638,mCherry,1407.6,15.099999999999994
12600.0,C6,0.01875,MCH25,R2,37.166666666666664,0.5683600097894669,mCherry,1468.9,21.599999999999994
13500.0,C6,0.01875,MCH25,R2,37.1,0.6296500056982041,mCherry,1490.9,30.099999999999994
14400.0,C6,0.01875,MCH25,R2,37.06666666666667,0.6665299907326698,mCherry,1523.6,27.80000000000001
15300.0,C6,0.01875,MCH25,R2,37.199999999999996,0.6997900158166885,mCherry,1555.8,33.30000000000001
16200.0,C6,0.01875,MCH25,R2,37.03333333333333,0.7230999916791916,mCherry,1618.3,37.30000000000001
17100.0,C6,0.01875,MCH25,R2,37.13333333333333,0.7434899784624577,mCherry,1686.1,39.900000000000006
18000.0,C6,0.01875,MCH25,R2,37.0,0.7617999754846096,mCherry,1753.5,43.599999999999994
18900.0,C6,0.01875,MCH25,R2,37.1,0.7787099786102771,mCherry,1799.5,49.0
19800.0,C6,0.01875,MCH25,R2,37.23333333333333,0.7923999778926373,mCherry,1844.3,49.099999999999994
20700.0,C6,0.01875,MCH25,R2,37.1,0.8050100080668926,mCherry,1886.0,51.69999999999999
21600.0,C6,0.01875,MCH25,R2,37.233333333333334,0.818460027128458,mCherry,1913.2,54.599999999999994
22500.0,C6,0.01875,MCH25,R2,37.13333333333333,0.8321699738502503,mCherry,1980.8,56.599999999999994
23400.0,C6,0.01875,MCH25,R2,37.23333333333333,0.8438300266861916,mCherry,2005.2,62.099999999999994
24300.0,C6,0.01875,MCH25,R2,37.13333333333333,0.8530800200998783,mCherry,2061.6,63.400000000000006
25200.0,C6,0.01875,MCH25,R2,37.166666666666664,0.8624799959361553,mCherry,2115.6,66.1
26100.0,C6,0.01875,MCH25,R2,37.13333333333333,0.870420029014349,mCherry,2191.3,72.30000000000001
27000.0,C6,0.01875,MCH25,R2,37.23333333333333,0.8780299969017505,mCherry,2266.3,70.69999999999999
27900.0,C6,0.01875,MCH25,R2,37.199999999999996,0.8836199887096882,mCherry,2331.5,74.1
28800.0,C6,0.01875,MCH25,R2,37.1,0.8892599798738956,mCherry,2429.3,75.30000000000001
29700.0,C6,0.01875,MCH25,R2,37.16666666666667,0.8984699837863446,mCherry,2496.5,79.1
30600.0,C6,0.01875,MCH25,R2,37.2,0.9131400115787983,mCherry,2552.1,81.69999999999999
31500.0,C6,0.01875,MCH25,R2,37.233333333333334,0.9190500043332577,mCherry,2639.9,83.19999999999999
32400.0,C6,0.01875,MCH25,R2,37.3,0.9209299616515636,mCherry,2726.4,87.19999999999999
33300.0,C6,0.01875,MCH25,R2,37.1,0.9234700351953506,mCherry,2712.4,90.5
34200.0,C6,0.01875,MCH25,R2,37.166666666666664,0.9249699600040913,mCherry,2775.3,94.5
35100.0,C6,0.01875,MCH25,R2,37.233333333333334,0.927820049971342,mCherry,2773.0,94.6
36000.0,C6,0.01875,MCH25,R2,37.13333333333333,0.9306699693202972,mCherry,2787.2,102.4
36900.0,C6,0.01875,MCH25,R2,37.300000000000004,0.9322099447250366,mCherry,2782.0,101.69999999999999
37800.0,C6,0.01875,MCH25,R2,37.13333333333333,0.932680045068264,mCherry,2797.7,109.9
38700.0,C6,0.01875,MCH25,R2,37.13333333333333,0.9321499466896057,mCherry,2771.4,114.69999999999999
39600.0,C6,0.01875,MCH25,R2,37.166666666666664,0.9306999519467354,mCherry,2762.4,116.30000000000001
40500.0,C6,0.01875,MCH25,R2,37.166666666666664,0.9294999748468399,mCherry,2752.9,122.0
41400.0,C6,0.01875,MCH25,R2,37.36666666666667,0.9280099801719188,mCherry,2748.8,129.7
42300.0,C6,0.01875,MCH25,R2,37.13333333333333,0.9269200198352336,mCherry,2743.3,132.8
43200.0,C6,0.01875,MCH25,R2,37.26666666666667,0.9313999496400356,mCherry,2738.7,135.5
0.0,C7,0.01875,MCH50,R0.5,37.166666666666664,0.025810001045465464,mCherry,59.5,5.699999999999989
900.0,C7,0.01875,MCH50,R0.5,37.1,0.03046999648213386,mCherry,57.3,8.400000000000006
1800.0,C7,0.01875,MCH50,R0.5,37.300000000000004,0.04043000489473343,mCherry,53.3,4.800000000000011
2700.0,C7,0.01875,MCH50,R0.5,37.46666666666667,0.05909999459981918,mCherry,52.7,3.5999999999999943
3600.0,C7,0.01875,MCH50,R0.5,37.06666666666667,0.09019999951124191,mCherry,60.2,5.199999999999989
4500.0,C7,0.01875,MCH50,R0.5,37.23333333333333,0.1333700016140938,mCherry,67.9,4.0
5400.0,C7,0.01875,MCH50,R0.5,37.0,0.17981000170111655,mCherry,88.2,6.5
6300.0,C7,0.01875,MCH50,R0.5,37.03333333333333,0.22907998487353326,mCherry,131.9,4.900000000000006
7200.0,C7,0.01875,MCH50,R0.5,37.1,0.27895001173019407,mCherry,246.5,8.599999999999994
8100.0,C7,0.01875,MCH50,R0.5,37.233333333333334,0.3216199897229671,mCherry,520.9,8.699999999999989
9000.0,C7,0.01875,MCH50,R0.5,37.26666666666667,0.354250006377697,mCherry,1048.6,8.0
9900.0,C7,0.01875,MCH50,R0.5,37.166666666666664,0.3803399994969368,mCherry,1889.7,10.199999999999989
10800.0,C7,0.01875,MCH50,R0.5,37.1,0.40420000031590464,mCherry,2978.5,11.599999999999994
11700.0,C7,0.01875,MCH50,R0.5,37.13333333333333,0.4284799814224243,mCherry,4052.6,11.099999999999994
12600.0,C7,0.01875,MCH50,R0.5,37.166666666666664,0.4532599836587906,mCherry,5091.9,11.599999999999994
13500.0,C7,0.01875,MCH50,R0.5,37.1,0.4767500251531601,mCherry,6022.9,11.099999999999994
14400.0,C7,0.01875,MCH50,R0.5,37.06666666666667,0.5010300055146217,mCherry,6875.6,9.800000000000011
15300.0,C7,0.01875,MCH50,R0.5,37.199999999999996,0.5259900242090225,mCherry,7577.8,11.300000000000011
16200.0,C7,0.01875,MCH50,R0.5,37.03333333333333,0.5519000142812729,mCherry,8233.3,14.300000000000011
17100.0,C7,0.01875,MCH50,R0.5,37.13333333333333,0.5773900128901005,mCherry,8830.1,14.900000000000006
18000.0,C7,0.01875,MCH50,R0.5,37.0,0.6032000027596951,mCherry,9181.5,15.599999999999994
18900.0,C7,0.01875,MCH50,R0.5,37.1,0.6280100055038929,mCherry,9449.5,19.0
19800.0,C7,0.01875,MCH50,R0.5,37.23333333333333,0.6555000297725201,mCherry,9686.3,24.099999999999994
20700.0,C7,0.01875,MCH50,R0.5,37.1,0.6716099850833416,mCherry,9974.0,26.69999999999999
21600.0,C7,0.01875,MCH50,R0.5,37.233333333333334,0.6829600133001804,mCherry,10221.2,25.599999999999994
22500.0,C7,0.01875,MCH50,R0.5,37.13333333333333,0.6899699807167053,mCherry,10611.8,29.599999999999994
23400.0,C7,0.01875,MCH50,R0.5,37.23333333333333,0.6960299983620644,mCherry,10837.2,29.099999999999994
24300.0,C7,0.01875,MCH50,R0.5,37.13333333333333,0.7027799941599369,mCherry,11114.6,30.400000000000006
25200.0,C7,0.01875,MCH50,R0.5,37.166666666666664,0.7116800062358379,mCherry,11284.6,34.099999999999994
26100.0,C7,0.01875,MCH50,R0.5,37.13333333333333,0.7188200257718563,mCherry,11435.3,37.30000000000001
27000.0,C7,0.01875,MCH50,R0.5,37.23333333333333,0.7273300237953663,mCherry,11414.3,40.69999999999999
27900.0,C7,0.01875,MCH50,R0.5,37.199999999999996,0.7346199996769428,mCherry,11448.5,42.099999999999994
28800.0,C7,0.01875,MCH50,R0.5,37.1,0.7420599915087223,mCherry,11542.3,43.30000000000001
29700.0,C7,0.01875,MCH50,R0.5,37.16666666666667,0.7476699940860272,mCherry,11600.5,45.099999999999994
30600.0,C7,0.01875,MCH50,R0.5,37.2,0.7503399975597859,mCherry,11689.1,46.69999999999999
31500.0,C7,0.01875,MCH50,R0.5,37.233333333333334,0.7544499896466732,mCherry,11718.9,50.19999999999999
32400.0,C7,0.01875,MCH50,R0.5,37.3,0.758230023831129,mCherry,11853.4,56.19999999999999
33300.0,C7,0.01875,MCH50,R0.5,37.1,0.7616700083017349,mCherry,11867.4,53.5
34200.0,C7,0.01875,MCH50,R0.5,37.166666666666664,0.7657700069248676,mCherry,12045.3,57.5
35100.0,C7,0.01875,MCH50,R0.5,37.233333333333334,0.7684200040996074,mCherry,12057.0,56.599999999999994
36000.0,C7,0.01875,MCH50,R0.5,37.13333333333333,0.7793700158596039,mCherry,12222.2,58.400000000000006
36900.0,C7,0.01875,MCH50,R0.5,37.300000000000004,0.7813099980354309,mCherry,12307.0,61.69999999999999
37800.0,C7,0.01875,MCH50,R0.5,37.13333333333333,0.779579971730709,mCherry,12381.7,61.900000000000006
38700.0,C7,0.01875,MCH50,R0.5,37.13333333333333,0.7789499759674072,mCherry,12428.4,65.69999999999999
39600.0,C7,0.01875,MCH50,R0.5,37.166666666666664,0.7770999744534492,mCherry,12477.4,65.30000000000001
40500.0,C7,0.01875,MCH50,R0.5,37.166666666666664,0.775399973988533,mCherry,12519.9,69.0
41400.0,C7,0.01875,MCH50,R0.5,37.36666666666667,0.7741100125014782,mCherry,12545.8,71.69999999999999
42300.0,C7,0.01875,MCH50,R0.5,37.13333333333333,0.7726199857890605,mCherry,12508.3,73.80000000000001
43200.0,C7,0.01875,MCH50,R0.5,37.26666666666667,0.7712000094354152,mCherry,12466.7,78.5
0.0,C8,0.01875,MCH75,R2,37.166666666666664,0.02600999698042869,mCherry,62.5,3.6999999999999886
900.0,C8,0.01875,MCH75,R2,37.1,0.026469995826482767,mCherry,52.3,0.4000000000000057
1800.0,C8,0.01875,MCH75,R2,37.300000000000004,0.03603000491857529,mCherry,55.3,-0.19999999999998863
2700.0,C8,0.01875,MCH75,R2,37.46666666666667,0.05610000342130661,mCherry,58.7,2.5999999999999943
3600.0,C8,0.01875,MCH75,R2,37.06666666666667,0.0877000018954277,mCherry,66.2,4.199999999999989
4500.0,C8,0.01875,MCH75,R2,37.23333333333333,0.13036999553442002,mCherry,85.9,5.0
5400.0,C8,0.01875,MCH75,R2,37.0,0.17841000780463218,mCherry,125.2,6.5
6300.0,C8,0.01875,MCH75,R2,37.03333333333333,0.22357999607920648,mCherry,213.9,7.900000000000006
7200.0,C8,0.01875,MCH75,R2,37.1,0.27144998908042905,mCherry,396.5,6.599999999999994
8100.0,C8,0.01875,MCH75,R2,37.233333333333334,0.3157199941575527,mCherry,727.9,8.699999999999989
9000.0,C8,0.01875,MCH75,R2,37.26666666666667,0.355150006711483,mCherry,1220.6,11.0
9900.0,C8,0.01875,MCH75,R2,37.166666666666664,0.3858399882912636,mCherry,1826.7,8.199999999999989
10800.0,C8,0.01875,MCH75,R2,37.1,0.4224999971687794,mCherry,2384.5,10.599999999999994
11700.0,C8,0.01875,MCH75,R2,37.13333333333333,0.4624800205230713,mCherry,2784.6,13.099999999999994
12600.0,C8,0.01875,MCH75,R2,37.166666666666664,0.5014599949121475,mCherry,2996.9,16.599999999999994
13500.0,C8,0.01875,MCH75,R2,37.1,0.5366500109434128,mCherry,3159.9,21.099999999999994
14400.0,C8,0.01875,MCH75,R2,37.06666666666667,0.5721300020813942,mCherry,3254.6,26.80000000000001
15300.0,C8,0.01875,MCH75,R2,37.199999999999996,0.6157900243997574,mCherry,3330.8,34.30000000000001
16200.0,C8,0.01875,MCH75,R2,37.03333333333333,0.64649997651577,mCherry,3489.3,31.30000000000001
17100.0,C8,0.01875,MCH75,R2,37.13333333333333,0.671090004593134,mCherry,3637.1,32.900000000000006
18000.0,C8,0.01875,MCH75,R2,37.0,0.6949999772012234,mCherry,3812.5,37.599999999999994
18900.0,C8,0.01875,MCH75,R2,37.1,0.7133099742233753,mCherry,4075.5,44.0
19800.0,C8,0.01875,MCH75,R2,37.23333333333333,0.7263999931514263,mCherry,4346.3,44.099999999999994
20700.0,C8,0.01875,MCH75,R2,37.1,0.7413099877536297,mCherry,4601.0,44.69999999999999
21600.0,C8,0.01875,MCH75,R2,37.233333333333334,0.7555600203573704,mCherry,4845.2,44.599999999999994
22500.0,C8,0.01875,MCH75,R2,37.13333333333333,0.7671699762344361,mCherry,5000.8,50.599999999999994
23400.0,C8,0.01875,MCH75,R2,37.23333333333333,0.7786299958825111,mCherry,5192.2,50.099999999999994
24300.0,C8,0.01875,MCH75,R2,37.13333333333333,0.7848800279200077,mCherry,5281.6,53.400000000000006
25200.0,C8,0.01875,MCH75,R2,37.166666666666664,0.7931800000369549,mCherry,5425.6,55.099999999999994
26100.0,C8,0.01875,MCH75,R2,37.13333333333333,0.8011199735105038,mCherry,5572.3,58.30000000000001
27000.0,C8,0.01875,MCH75,R2,37.23333333333333,0.8098300047218799,mCherry,5788.3,62.69999999999999
27900.0,C8,0.01875,MCH75,R2,37.199999999999996,0.8162200100719929,mCherry,5988.5,62.099999999999994
28800.0,C8,0.01875,MCH75,R2,37.1,0.8211600042879581,mCherry,6234.3,64.30000000000001
29700.0,C8,0.01875,MCH75,R2,37.16666666666667,0.8276699773967267,mCherry,6459.5,67.1
30600.0,C8,0.01875,MCH75,R2,37.2,0.8316400177776814,mCherry,6716.1,68.69999999999999
31500.0,C8,0.01875,MCH75,R2,37.233333333333334,0.8358500264585018,mCherry,6996.9,69.19999999999999
32400.0,C8,0.01875,MCH75,R2,37.3,0.8391299776732921,mCherry,7193.4,68.19999999999999
33300.0,C8,0.01875,MCH75,R2,37.1,0.8426699787378311,mCherry,7429.4,73.5
34200.0,C8,0.01875,MCH75,R2,37.166666666666664,0.8442699797451496,mCherry,7604.3,73.5
35100.0,C8,0.01875,MCH75,R2,37.233333333333334,0.8471200101077556,mCherry,7774.0,77.6
36000.0,C8,0.01875,MCH75,R2,37.13333333333333,0.8553699910640716,mCherry,7944.2,77.4
36900.0,C8,0.01875,MCH75,R2,37.300000000000004,0.855810022354126,mCherry,8023.0,81.69999999999999
37800.0,C8,0.01875,MCH75,R2,37.13333333333333,0.8541800126433372,mCherry,8074.7,81.9
38700.0,C8,0.01875,MCH75,R2,37.13333333333333,0.8507500290870667,mCherry,8150.4,86.69999999999999
39600.0,C8,0.01875,MCH75,R2,37.166666666666664,0.8474999740719795,mCherry,8155.4,86.30000000000001
40500.0,C8,0.01875,MCH75,R2,37.166666666666664,0.8443999797105789,mCherry,8177.9,93.0
41400.0,C8,0.01875,MCH75,R2,37.36666666666667,0.8421099714934825,mCherry,8133.8,99.69999999999999
42300.0,C8,0.01875,MCH75,R2,37.13333333333333,0.8393200270831584,mCherry,8092.3,101.80000000000001
43200.0,C8,0.01875,MCH75,R2,37.26666666666667,0.836499997228384,mCherry,8096.7,104.5
0.0,C9,0.01875,GFP25,R4,37.166666666666664,0.029810001701116556,GFP,0.5,409.7
900.0,C9,0.01875,GFP25,R4,37.1,0.032970001548528666,GFP,1.3000000000000007,369.4
1800.0,C9,0.01875,GFP25,R4,37.300000000000004,0.04532999843358994,GFP,-0.6999999999999993,385.8
2700.0,C9,0.01875,GFP25,R4,37.46666666666667,0.06709999591112137,GFP,-2.3000000000000007,492.6
3600.0,C9,0.01875,GFP25,R4,37.06666666666667,0.09589999169111252,GFP,0.1999999999999993,780.2
4500.0,C9,0.01875,GFP25,R4,37.23333333333333,0.1269699975848198,GFP,-0.09999999999999964,1341.0
5400.0,C9,0.01875,GFP25,R4,37.0,0.15971000418066977,GFP,0.1999999999999993,2212.5
6300.0,C9,0.01875,GFP25,R4,37.03333333333333,0.19308000132441522,GFP,-0.09999999999999964,3266.9
7200.0,C9,0.01875,GFP25,R4,37.1,0.2311500072479248,GFP,-1.5,4458.6
8100.0,C9,0.01875,GFP25,R4,37.233333333333334,0.2777200065553188,GFP,-1.0999999999999996,5641.7
9000.0,C9,0.01875,GFP25,R4,37.26666666666667,0.33215000480413437,GFP,0.5999999999999996,6693.0
9900.0,C9,0.01875,GFP25,R4,37.166666666666664,0.38553999811410905,GFP,-1.3000000000000007,7442.2
10800.0,C9,0.01875,GFP25,R4,37.1,0.42940000966191294,GFP,-0.5,8208.6
11700.0,C9,0.01875,GFP25,R4,37.13333333333333,0.4737799882888794,GFP,0.5999999999999996,8760.1
12600.0,C9,0.01875,GFP25,R4,37.166666666666664,0.5168599873781204,GFP,-0.09999999999999964,9203.6
13500.0,C9,0.01875,GFP25,R4,37.1,0.5550500243902207,GFP,-1.0999999999999996,9518.1
14400.0,C9,0.01875,GFP25,R4,37.06666666666667,0.5918299928307533,GFP,0.5999999999999996,9850.8
15300.0,C9,0.01875,GFP25,R4,37.199999999999996,0.6325900107622147,GFP,-0.1999999999999993,10030.3
16200.0,C9,0.01875,GFP25,R4,37.03333333333333,0.6658999770879745,GFP,1.3000000000000007,10171.3
17100.0,C9,0.01875,GFP25,R4,37.13333333333333,0.6947900034487248,GFP,-0.9000000000000004,10214.9
18000.0,C9,0.01875,GFP25,R4,37.0,0.7190000258386136,GFP,1.5,10315.6
18900.0,C9,0.01875,GFP25,R4,37.1,0.7402100272476673,GFP,0.5,10321.0
19800.0,C9,0.01875,GFP25,R4,37.23333333333333,0.7539000265300274,GFP,1.3000000000000007,10288.1
20700.0,C9,0.01875,GFP25,R4,37.1,0.7678099744021892,GFP,2.0,10404.7
21600.0,C9,0.01875,GFP25,R4,37.233333333333334,0.780859986692667,GFP,1.1999999999999993,10373.6
22500.0,C9,0.01875,GFP25,R4,37.13333333333333,0.7926699757575989,GFP,2.8000000000000007,10381.6
23400.0,C9,0.01875,GFP25,R4,37.23333333333333,0.8015299811959267,GFP,1.1999999999999993,10394.1
24300.0,C9,0.01875,GFP25,R4,37.13333333333333,0.8110800243914127,GFP,0.5999999999999996,10420.4
25200.0,C9,0.01875,GFP25,R4,37.166666666666664,0.8200799934566021,GFP,2.5999999999999996,10350.1
26100.0,C9,0.01875,GFP25,R4,37.13333333333333,0.8299199841916561,GFP,3.3000000000000007,10418.3
27000.0,C9,0.01875,GFP25,R4,37.23333333333333,0.8390300221741199,GFP,3.3000000000000007,10351.7
27900.0,C9,0.01875,GFP25,R4,37.199999999999996,0.8445199973881244,GFP,1.5,10269.1
28800.0,C9,0.01875,GFP25,R4,37.1,0.8500599719583988,GFP,2.3000000000000007,10288.3
29700.0,C9,0.01875,GFP25,R4,37.16666666666667,0.8566700212657452,GFP,6.5,10241.1
30600.0,C9,0.01875,GFP25,R4,37.2,0.8606400020420552,GFP,5.1,10204.7
31500.0,C9,0.01875,GFP25,R4,37.233333333333334,0.8657499812543392,GFP,4.9,10178.2
32400.0,C9,0.01875,GFP25,R4,37.3,0.868229978531599,GFP,5.4,10138.2
33300.0,C9,0.01875,GFP25,R4,37.1,0.8707699924707413,GFP,3.4000000000000004,10096.5
34200.0,C9,0.01875,GFP25,R4,37.166666666666664,0.8740699775516987,GFP,4.300000000000001,10083.5
35100.0,C9,0.01875,GFP25,R4,37.233333333333334,0.8774199716746807,GFP,4.0,9993.6
36000.0,C9,0.01875,GFP25,R4,37.13333333333333,0.8854699790477752,GFP,2.1999999999999993,10014.4
36900.0,C9,0.01875,GFP25,R4,37.300000000000004,0.8898100018501282,GFP,2.0,9936.7
37800.0,C9,0.01875,GFP25,R4,37.13333333333333,0.8908800229430198,GFP,3.6999999999999993,9863.9
38700.0,C9,0.01875,GFP25,R4,37.13333333333333,0.8878499865531921,GFP,2.4000000000000004,9897.7
39600.0,C9,0.01875,GFP25,R4,37.166666666666664,0.8869000151753426,GFP,3.4000000000000004,9806.3
40500.0,C9,0.01875,GFP25,R4,37.166666666666664,0.8846999913454056,GFP,1.9000000000000004,9757.0
41400.0,C9,0.01875,GFP25,R4,37.36666666666667,0.8813099794089794,GFP,4.800000000000001,9717.7
42300.0,C9,0.01875,GFP25,R4,37.13333333333333,0.8801200024783611,GFP,3.3000000000000007,9654.8
43200.0,C9,0.01875,GFP25,R4,37.26666666666667,0.8772999726235866,GFP,4.699999999999999,9620.5
0.0,C10,0.01875,GFP90,R1,37.166666666666664,0.026710001379251475,GFP,-0.5,879.7
900.0,C10,0.01875,GFP90,R1,37.1,0.029870001226663584,GFP,-0.6999999999999993,782.4
1800.0,C10,0.01875,GFP90,R1,37.300000000000004,0.040029998123645785,GFP,0.3000000000000007,816.8
2700.0,C10,0.01875,GFP90,R1,37.46666666666667,0.057399995625019073,GFP,-2.3000000000000007,982.6
3600.0,C10,0.01875,GFP90,R1,37.06666666666667,0.08139999955892563,GFP,0.1999999999999993,1431.2
4500.0,C10,0.01875,GFP90,R1,37.23333333333333,0.10887000411748886,GFP,0.9000000000000004,2411.0
5400.0,C10,0.01875,GFP90,R1,37.0,0.139610006660223,GFP,1.1999999999999993,4236.5
6300.0,C10,0.01875,GFP90,R1,37.03333333333333,0.1693800024688244,GFP,0.9000000000000004,6980.9
7200.0,C10,0.01875,GFP90,R1,37.1,0.19994998574256898,GFP,-1.5,10195.6
8100.0,C10,0.01875,GFP90,R1,37.233333333333334,0.22661999091506005,GFP,0.9000000000000004,13570.7
9000.0,C10,0.01875,GFP90,R1,37.26666666666667,0.25414999574422836,GFP,-1.4000000000000004,16831.0
9900.0,C10,0.01875,GFP90,R1,37.166666666666664,0.28473999053239823,GFP,0.6999999999999993,19806.2
10800.0,C10,0.01875,GFP90,R1,37.1,0.3169999845325947,GFP,0.5,22703.6
11700.0,C10,0.01875,GFP90,R1,37.13333333333333,0.34827999472618104,GFP,-0.40000000000000036,25106.1
12600.0,C10,0.01875,GFP90,R1,37.166666666666664,0.3844600111246109,GFP,0.9000000000000004,27293.6
13500.0,C10,0.01875,GFP90,R1,37.1,0.4213500112295151,GFP,-1.0999999999999996,28861.1
14400.0,C10,0.01875,GFP90,R1,37.06666666666667,0.46142999082803726,GFP,-2.4000000000000004,29877.8
15300.0,C10,0.01875,GFP90,R1,37.199999999999996,0.4905899912118912,GFP,0.8000000000000007,30427.3
16200.0,C10,0.01875,GFP90,R1,37.03333333333333,0.517999991774559,GFP,0.3000000000000007,31235.3
17100.0,C10,0.01875,GFP90,R1,37.13333333333333,0.5426899768412113,GFP,-1.9000000000000004,31596.9
18000.0,C10,0.01875,GFP90,R1,37.0,0.5606999836862088,GFP,-1.5,31584.6
18900.0,C10,0.01875,GFP90,R1,37.1,0.5740099854767322,GFP,1.5,31388.0
19800.0,C10,0.01875,GFP90,R1,37.23333333333333,0.5866999976336956,GFP,0.3000000000000007,31000.1
20700.0,C10,0.01875,GFP90,R1,37.1,0.6204100124537945,GFP,3.0,30907.7
21600.0,C10,0.01875,GFP90,R1,37.233333333333334,0.6342599786818027,GFP,3.1999999999999993,30425.6
22500.0,C10,0.01875,GFP90,R1,37.13333333333333,0.6526699900627136,GFP,1.8000000000000007,30236.6
23400.0,C10,0.01875,GFP90,R1,37.23333333333333,0.6666300073266029,GFP,-0.8000000000000007,29979.1
24300.0,C10,0.01875,GFP90,R1,37.13333333333333,0.6821799732744693,GFP,-0.40000000000000036,29921.4
25200.0,C10,0.01875,GFP90,R1,37.166666666666664,0.6963799707591534,GFP,2.5999999999999996,29691.1
26100.0,C10,0.01875,GFP90,R1,37.13333333333333,0.7102200292050839,GFP,3.3000000000000007,29850.3
27000.0,C10,0.01875,GFP90,R1,37.23333333333333,0.7238299794495106,GFP,0.3000000000000007,29827.7
27900.0,C10,0.01875,GFP90,R1,37.199999999999996,0.7332200057804584,GFP,2.5,29490.1
28800.0,C10,0.01875,GFP90,R1,37.1,0.7441599823534488,GFP,1.3000000000000007,29633.3
29700.0,C10,0.01875,GFP90,R1,37.16666666666667,0.7544699899852276,GFP,2.5,29481.1
30600.0,C10,0.01875,GFP90,R1,37.2,0.7621399886906147,GFP,3.0999999999999996,29278.7
31500.0,C10,0.01875,GFP90,R1,37.233333333333334,0.7721500061452389,GFP,3.9000000000000004,29340.2
32400.0,C10,0.01875,GFP90,R1,37.3,0.776029997318983,GFP,1.4000000000000004,29111.2
33300.0,C10,0.01875,GFP90,R1,37.1,0.7765699774026871,GFP,2.4000000000000004,28894.5
34200.0,C10,0.01875,GFP90,R1,37.166666666666664,0.7768700011074543,GFP,3.3000000000000007,28856.5
35100.0,C10,0.01875,GFP90,R1,37.233333333333334,0.7783199779689312,GFP,4.0,28466.6
36000.0,C10,0.01875,GFP90,R1,37.13333333333333,0.7821700036525726,GFP,2.1999999999999993,28470.4
36900.0,C10,0.01875,GFP90,R1,37.300000000000004,0.7843100190162658,GFP,5.0,28335.7
37800.0,C10,0.01875,GFP90,R1,37.13333333333333,0.7882799848914146,GFP,3.6999999999999993,28069.9
38700.0,C10,0.01875,GFP90,R1,37.13333333333333,0.7899500131607056,GFP,2.4000000000000004,28283.7
39600.0,C10,0.01875,GFP90,R1,37.166666666666664,0.7914999797940254,GFP,5.4,28103.3
40500.0,C10,0.01875,GFP90,R1,37.166666666666664,0.7918000131845474,GFP,7.9,28120.0
41400.0,C10,0.01875,GFP90,R1,37.36666666666667,0.7911099724471569,GFP,4.800000000000001,28090.7
42300.0,C10,0.01875,GFP90,R1,37.13333333333333,0.7928199999034404,GFP,5.300000000000001,27998.8
43200.0,C10,0.01875,GFP90,R1,37.26666666666667,0.7981000028550624,GFP,5.699999999999999,27837.5
0.0,C11,0.01875,GFP75,R1,37.166666666666664,0.024510001391172404,GFP,-1.5,856.7
900.0,C11,0.01875,GFP75,R1,37.1,0.030669999867677683,GFP,0.3000000000000007,782.4
1800.0,C11,0.01875,GFP75,R1,37.300000000000004,0.041729997098445895,GFP,1.3000000000000007,809.8
2700.0,C11,0.01875,GFP75,R1,37.46666666666667,0.06050000339746475,GFP,-1.3000000000000007,983.6
3600.0,C11,0.01875,GFP75,R1,37.06666666666667,0.08529999107122421,GFP,0.1999999999999993,1487.2
4500.0,C11,0.01875,GFP75,R1,37.23333333333333,0.11397000104188919,GFP,-2.0999999999999996,2543.0
5400.0,C11,0.01875,GFP75,R1,37.0,0.14571000561118125,GFP,1.1999999999999993,4419.5
6300.0,C11,0.01875,GFP75,R1,37.03333333333333,0.1782799892127514,GFP,-0.09999999999999964,7129.9
7200.0,C11,0.01875,GFP75,R1,37.1,0.21024999618530274,GFP,-0.5,10284.6
8100.0,C11,0.01875,GFP75,R1,37.233333333333334,0.2416200064122677,GFP,1.9000000000000004,13676.7
9000.0,C11,0.01875,GFP75,R1,37.26666666666667,0.2757500037550926,GFP,-0.40000000000000036,17068.0
9900.0,C11,0.01875,GFP75,R1,37.166666666666664,0.31243999749422074,GFP,0.6999999999999993,20118.2
10800.0,C11,0.01875,GFP75,R1,37.1,0.35299999788403513,GFP,-0.5,23000.6
11700.0,C11,0.01875,GFP75,R1,37.13333333333333,0.39607999920845033,GFP,0.5999999999999996,25393.1
12600.0,C11,0.01875,GFP75,R1,37.166666666666664,0.44166002571582796,GFP,-2.0999999999999996,27367.6
13500.0,C11,0.01875,GFP75,R1,37.1,0.4782499760389328,GFP,-0.09999999999999964,28284.1
14400.0,C11,0.01875,GFP75,R1,37.06666666666667,0.5134299769997597,GFP,-0.40000000000000036,29507.8
15300.0,C11,0.01875,GFP75,R1,37.199999999999996,0.5466900020837784,GFP,-0.1999999999999993,30342.3
16200.0,C11,0.01875,GFP75,R1,37.03333333333333,0.5742000192403793,GFP,-1.6999999999999993,30657.3
17100.0,C11,0.01875,GFP75,R1,37.13333333333333,0.5907899715006352,GFP,1.0999999999999996,30685.9
18000.0,C11,0.01875,GFP75,R1,37.0,0.6094999752938748,GFP,-0.5,30779.6
18900.0,C11,0.01875,GFP75,R1,37.1,0.6391099996864795,GFP,-0.5,30518.0
19800.0,C11,0.01875,GFP75,R1,37.23333333333333,0.6521000020205975,GFP,-0.6999999999999993,30122.1
20700.0,C11,0.01875,GFP75,R1,37.1,0.6675100199878216,GFP,1.0,30001.7
21600.0,C11,0.01875,GFP75,R1,37.233333333333334,0.6842599906027317,GFP,1.1999999999999993,29608.6
22500.0,C11,0.01875,GFP75,R1,37.13333333333333,0.7008700013160706,GFP,2.8000000000000007,29595.6
23400.0,C11,0.01875,GFP75,R1,37.23333333333333,0.7132299914956093,GFP,2.1999999999999993,29413.1
24300.0,C11,0.01875,GFP75,R1,37.13333333333333,0.7268799997866153,GFP,0.5999999999999996,29426.4
25200.0,C11,0.01875,GFP75,R1,37.166666666666664,0.7397800199687481,GFP,0.5999999999999996,29162.1
26100.0,C11,0.01875,GFP75,R1,37.13333333333333,0.7502199910581112,GFP,1.3000000000000007,29298.3
27000.0,C11,0.01875,GFP75,R1,37.23333333333333,0.7604299731552601,GFP,1.3000000000000007,29228.7
27900.0,C11,0.01875,GFP75,R1,37.199999999999996,0.7700199730694294,GFP,-0.5,29009.1
28800.0,C11,0.01875,GFP75,R1,37.1,0.7794599987566471,GFP,2.3000000000000007,29078.3
29700.0,C11,0.01875,GFP75,R1,37.16666666666667,0.7875699989497662,GFP,3.5,28928.1
30600.0,C11,0.01875,GFP75,R1,37.2,0.7947399742901325,GFP,4.1,28782.7
31500.0,C11,0.01875,GFP75,R1,37.233333333333334,0.7982499860227108,GFP,3.9000000000000004,28683.2
32400.0,C11,0.01875,GFP75,R1,37.3,0.8014299802482128,GFP,2.4000000000000004,28504.2
33300.0,C11,0.01875,GFP75,R1,37.1,0.8036700040102005,GFP,3.4000000000000004,28280.5
34200.0,C11,0.01875,GFP75,R1,37.166666666666664,0.8058699853718281,GFP,4.300000000000001,28270.5
35100.0,C11,0.01875,GFP75,R1,37.233333333333334,0.8092199794948101,GFP,3.0,28061.6
36000.0,C11,0.01875,GFP75,R1,37.13333333333333,0.8104699909687042,GFP,4.199999999999999,28057.4
36900.0,C11,0.01875,GFP75,R1,37.300000000000004,0.8119100093841553,GFP,6.0,28016.7
37800.0,C11,0.01875,GFP75,R1,37.13333333333333,0.8132800206542015,GFP,5.699999999999999,27742.9
38700.0,C11,0.01875,GFP75,R1,37.13333333333333,0.8143500089645386,GFP,3.4000000000000004,27908.7
39600.0,C11,0.01875,GFP75,R1,37.166666666666664,0.8155000284314156,GFP,5.4,27631.3
40500.0,C11,0.01875,GFP75,R1,37.166666666666664,0.8191999703645706,GFP,2.9000000000000004,27633.0
41400.0,C11,0.01875,GFP75,R1,37.36666666666667,0.8237100176513195,GFP,4.800000000000001,27436.7
42300.0,C11,0.01875,GFP75,R1,37.13333333333333,0.8232199780642986,GFP,6.300000000000001,27536.8
43200.0,C11,0.01875,GFP75,R1,37.26666666666667,0.8202999912202358,GFP,2.6999999999999993,27478.5
0.0,D2,0.01875,GFP10,R2,37.166666666666664,0.030210001021623606,GFP,-1.5,773.7
900.0,D2,0.01875,GFP10,R2,37.1,0.0356699950993061,GFP,0.3000000000000007,679.4
1800.0,D2,0.01875,GFP10,R2,37.300000000000004,0.047729994356632235,GFP,-1.6999999999999993,711.8
2700.0,D2,0.01875,GFP10,R2,37.46666666666667,0.06670000404119492,GFP,-2.3000000000000007,848.6
3600.0,D2,0.01875,GFP10,R2,37.06666666666667,0.08739999681711197,GFP,-1.8000000000000007,1196.2
4500.0,D2,0.01875,GFP10,R2,37.23333333333333,0.10566999465227127,GFP,-0.09999999999999964,1807.0
5400.0,D2,0.01875,GFP10,R2,37.0,0.12130999490618706,GFP,0.1999999999999993,2696.5
6300.0,D2,0.01875,GFP10,R2,37.03333333333333,0.13577999994158746,GFP,-0.09999999999999964,3708.9
7200.0,D2,0.01875,GFP10,R2,37.1,0.15095000565052033,GFP,0.5,4709.6
8100.0,D2,0.01875,GFP10,R2,37.233333333333334,0.16652000173926354,GFP,-0.09999999999999964,5658.7
9000.0,D2,0.01875,GFP10,R2,37.26666666666667,0.1855499967932701,GFP,-1.4000000000000004,6631.0
9900.0,D2,0.01875,GFP10,R2,37.166666666666664,0.20913999229669572,GFP,-0.3000000000000007,7454.2
10800.0,D2,0.01875,GFP10,R2,37.1,0.23889998868107795,GFP,0.5,8302.6
11700.0,D2,0.01875,GFP10,R2,37.13333333333333,0.27787999510765077,GFP,-0.40000000000000036,8985.1
12600.0,D2,0.01875,GFP10,R2,37.166666666666664,0.32545999586582186,GFP,-0.09999999999999964,9696.6
13500.0,D2,0.01875,GFP10,R2,37.1,0.3765499979257584,GFP,-1.0999999999999996,9911.1
14400.0,D2,0.01875,GFP10,R2,37.06666666666667,0.4170300140976906,GFP,0.5999999999999996,10315.8
15300.0,D2,0.01875,GFP10,R2,37.199999999999996,0.460689976811409,GFP,-0.1999999999999993,10613.3
16200.0,D2,0.01875,GFP10,R2,37.03333333333333,0.5110999792814255,GFP,-0.6999999999999993,10851.3
17100.0,D2,0.01875,GFP10,R2,37.13333333333333,0.5600900031626225,GFP,-2.9000000000000004,10937.9
18000.0,D2,0.01875,GFP10,R2,37.0,0.6045999966561795,GFP,0.5,11101.6
18900.0,D2,0.01875,GFP10,R2,37.1,0.658409983664751,GFP,-0.5,11173.0
19800.0,D2,0.01875,GFP10,R2,37.23333333333333,0.6863999716937542,GFP,1.3000000000000007,11166.1
20700.0,D2,0.01875,GFP10,R2,37.1,0.7130100004374981,GFP,1.0,11240.7
21600.0,D2,0.01875,GFP10,R2,37.233333333333334,0.7342600025236606,GFP,3.1999999999999993,11139.6
22500.0,D2,0.01875,GFP10,R2,37.13333333333333,0.7544700145721436,GFP,-2.1999999999999993,11171.6
23400.0,D2,0.01875,GFP10,R2,37.23333333333333,0.7695299759507179,GFP,2.1999999999999993,11082.1
24300.0,D2,0.01875,GFP10,R2,37.13333333333333,0.7839799977838993,GFP,1.5999999999999996,11094.4
25200.0,D2,0.01875,GFP10,R2,37.166666666666664,0.7996800057590008,GFP,0.5999999999999996,11003.1
26100.0,D2,0.01875,GFP10,R2,37.13333333333333,0.8125200174748898,GFP,4.300000000000001,11058.3
27000.0,D2,0.01875,GFP10,R2,37.23333333333333,0.8251299805939197,GFP,0.3000000000000007,11049.7
27900.0,D2,0.01875,GFP10,R2,37.199999999999996,0.8368199713528156,GFP,2.5,10935.1
28800.0,D2,0.01875,GFP10,R2,37.1,0.8474600173532962,GFP,2.3000000000000007,10980.3
29700.0,D2,0.01875,GFP10,R2,37.16666666666667,0.8548700205981732,GFP,0.5,10964.1
30600.0,D2,0.01875,GFP10,R2,37.2,0.8629400260746479,GFP,5.1,10896.7
31500.0,D2,0.01875,GFP10,R2,37.233333333333334,0.8720500133931637,GFP,3.9000000000000004,10891.2
32400.0,D2,0.01875,GFP10,R2,37.3,0.8762299947440624,GFP,3.4000000000000004,10903.2
33300.0,D2,0.01875,GFP10,R2,37.1,0.8810699731111526,GFP,1.4000000000000004,10805.5
34200.0,D2,0.01875,GFP10,R2,37.166666666666664,0.8856699950993061,GFP,3.3000000000000007,10808.5
35100.0,D2,0.01875,GFP10,R2,37.233333333333334,0.8897199861705303,GFP,3.0,10683.6
36000.0,D2,0.01875,GFP10,R2,37.13333333333333,0.8989700138568878,GFP,1.1999999999999993,10664.4
36900.0,D2,0.01875,GFP10,R2,37.300000000000004,0.9050100207328796,GFP,4.0,10583.7
37800.0,D2,0.01875,GFP10,R2,37.13333333333333,0.905280028283596,GFP,3.6999999999999993,10454.9
38700.0,D2,0.01875,GFP10,R2,37.13333333333333,0.9043499827384949,GFP,1.4000000000000004,10491.7
39600.0,D2,0.01875,GFP10,R2,37.166666666666664,0.9021999910473824,GFP,2.4000000000000004,10326.3
40500.0,D2,0.01875,GFP10,R2,37.166666666666664,0.8993999868631363,GFP,1.9000000000000004,10311.0
41400.0,D2,0.01875,GFP10,R2,37.36666666666667,0.8980100087821483,GFP,3.8000000000000007,10243.7
42300.0,D2,0.01875,GFP10,R2,37.13333333333333,0.8956200115382671,GFP,2.3000000000000007,10136.8
43200.0,D2,0.01875,GFP10,R2,37.26666666666667,0.8945999823510646,GFP,1.6999999999999993,10083.5
0.0,D3,0.01875,MCH90,R0.5,37.166666666666664,0.024010000377893442,mCherry,16.5,-7.300000000000011
900.0,D3,0.01875,MCH90,R0.5,37.1,0.027270001918077463,mCherry,13.3,-7.599999999999994
1800.0,D3,0.01875,MCH90,R0.5,37.300000000000004,0.03632999509572983,mCherry,12.3,-5.199999999999989
2700.0,D3,0.01875,MCH90,R0.5,37.46666666666667,0.05469999462366104,mCherry,13.7,-3.4000000000000057
3600.0,D3,0.01875,MCH90,R0.5,37.06666666666667,0.08449999243021011,mCherry,16.2,-1.8000000000000114
4500.0,D3,0.01875,MCH90,R0.5,37.23333333333333,0.12496999353170395,mCherry,15.9,-2.0
5400.0,D3,0.01875,MCH90,R0.5,37.0,0.17330999597907065,mCherry,18.2,0.5
6300.0,D3,0.01875,MCH90,R0.5,37.03333333333333,0.2260799936950207,mCherry,23.9,1.9000000000000057
7200.0,D3,0.01875,MCH90,R0.5,37.1,0.2945500075817108,mCherry,29.5,1.5999999999999943
8100.0,D3,0.01875,MCH90,R0.5,37.233333333333334,0.35922000035643575,mCherry,36.9,3.6999999999999886
9000.0,D3,0.01875,MCH90,R0.5,37.26666666666667,0.40095000714063644,mCherry,52.6,5.0
9900.0,D3,0.01875,MCH90,R0.5,37.166666666666664,0.4372399941086769,mCherry,63.7,7.199999999999989
10800.0,D3,0.01875,MCH90,R0.5,37.1,0.47099999859929087,mCherry,79.5,12.599999999999994
11700.0,D3,0.01875,MCH90,R0.5,37.13333333333333,0.502179992198944,mCherry,101.6,16.099999999999994
12600.0,D3,0.01875,MCH90,R0.5,37.166666666666664,0.530859985947609,mCherry,136.9,18.599999999999994
13500.0,D3,0.01875,MCH90,R0.5,37.1,0.5648499816656113,mCherry,180.9,23.099999999999994
14400.0,D3,0.01875,MCH90,R0.5,37.06666666666667,0.5824299827218056,mCherry,369.6,25.80000000000001
15300.0,D3,0.01875,MCH90,R0.5,37.199999999999996,0.5978899747133255,mCherry,881.8,27.30000000000001
16200.0,D3,0.01875,MCH90,R0.5,37.03333333333333,0.6118000000715256,mCherry,1633.3,27.30000000000001
17100.0,D3,0.01875,MCH90,R0.5,37.13333333333333,0.6248900271952152,mCherry,2409.1,30.900000000000006
18000.0,D3,0.01875,MCH90,R0.5,37.0,0.637100025266409,mCherry,3169.5,27.599999999999994
18900.0,D3,0.01875,MCH90,R0.5,37.1,0.6464100189507007,mCherry,3828.5,34.0
19800.0,D3,0.01875,MCH90,R0.5,37.23333333333333,0.6584999911487103,mCherry,4367.3,32.099999999999994
20700.0,D3,0.01875,MCH90,R0.5,37.1,0.6651099793612957,mCherry,4938.0,34.69999999999999
21600.0,D3,0.01875,MCH90,R0.5,37.233333333333334,0.6691599883139133,mCherry,5343.2,35.599999999999994
22500.0,D3,0.01875,MCH90,R0.5,37.13333333333333,0.6709699869155884,mCherry,5615.8,36.599999999999994
23400.0,D3,0.01875,MCH90,R0.5,37.23333333333333,0.6732300296425819,mCherry,5938.2,38.099999999999994
24300.0,D3,0.01875,MCH90,R0.5,37.13333333333333,0.6759800173342227,mCherry,6133.6,39.400000000000006
25200.0,D3,0.01875,MCH90,R0.5,37.166666666666664,0.6767799966037273,mCherry,6312.6,40.099999999999994
26100.0,D3,0.01875,MCH90,R0.5,37.13333333333333,0.6778200171887875,mCherry,6428.3,44.30000000000001
27000.0,D3,0.01875,MCH90,R0.5,37.23333333333333,0.6782299824059009,mCherry,6609.3,47.69999999999999
27900.0,D3,0.01875,MCH90,R0.5,37.199999999999996,0.6798200257122516,mCherry,6656.5,44.099999999999994
28800.0,D3,0.01875,MCH90,R0.5,37.1,0.6807600118219852,mCherry,6728.3,47.30000000000001
29700.0,D3,0.01875,MCH90,R0.5,37.16666666666667,0.6805700056254864,mCherry,6856.5,47.099999999999994
30600.0,D3,0.01875,MCH90,R0.5,37.2,0.6815400250256062,mCherry,6875.1,49.69999999999999
31500.0,D3,0.01875,MCH90,R0.5,37.233333333333334,0.6808499954640865,mCherry,6981.9,52.19999999999999
32400.0,D3,0.01875,MCH90,R0.5,37.3,0.6792300276458263,mCherry,7076.4,53.19999999999999
33300.0,D3,0.01875,MCH90,R0.5,37.1,0.6773700267076492,mCherry,7118.4,54.5
34200.0,D3,0.01875,MCH90,R0.5,37.166666666666664,0.6758699901401997,mCherry,7147.3,56.5
35100.0,D3,0.01875,MCH90,R0.5,37.233333333333334,0.6741199724376201,mCherry,7219.0,55.599999999999994
36000.0,D3,0.01875,MCH90,R0.5,37.13333333333333,0.6724699795246124,mCherry,7262.2,55.400000000000006
36900.0,D3,0.01875,MCH90,R0.5,37.300000000000004,0.6699099898338318,mCherry,7281.0,58.69999999999999
37800.0,D3,0.01875,MCH90,R0.5,37.13333333333333,0.668279980123043,mCherry,7315.7,60.900000000000006
38700.0,D3,0.01875,MCH90,R0.5,37.13333333333333,0.6672499775886536,mCherry,7348.4,60.69999999999999
39600.0,D3,0.01875,MCH90,R0.5,37.166666666666664,0.6668999865651131,mCherry,7364.4,60.30000000000001
40500.0,D3,0.01875,MCH90,R0.5,37.166666666666664,0.6672999769449234,mCherry,7382.9,64.0
41400.0,D3,0.01875,MCH90,R0.5,37.36666666666667,0.6670100025832653,mCherry,7478.8,65.69999999999999
42300.0,D3,0.01875,MCH90,R0.5,37.13333333333333,0.6680199734866619,mCherry,7459.3,64.80000000000001
43200.0,D3,0.01875,MCH90,R0.5,37.26666666666667,0.6670000039041042,mCherry,7543.7,67.5
0.0,D4,0.01875,MCH75,R0.5,37.166666666666664,0.0212099976837635,mCherry,36.5,0.6999999999999886
900.0,D4,0.01875,MCH75,R0.5,37.1,0.026069996505975718,mCherry,32.3,-2.5999999999999943
1800.0,D4,0.01875,MCH75,R0.5,37.300000000000004,0.03532999306917191,mCherry,34.3,-2.1999999999999886
2700.0,D4,0.01875,MCH75,R0.5,37.46666666666667,0.05479999631643295,mCherry,29.7,-1.4000000000000057
3600.0,D4,0.01875,MCH75,R0.5,37.06666666666667,0.08590000122785568,mCherry,39.2,0.19999999999998863
4500.0,D4,0.01875,MCH75,R0.5,37.23333333333333,0.128569994866848,mCherry,44.9,3.0
5400.0,D4,0.01875,MCH75,R0.5,37.0,0.17830999121069907,mCherry,51.2,3.5
6300.0,D4,0.01875,MCH75,R0.5,37.03333333333333,0.2302800051867962,mCherry,67.9,1.9000000000000057
7200.0,D4,0.01875,MCH75,R0.5,37.1,0.29325000047683714,mCherry,105.5,3.5999999999999943
8100.0,D4,0.01875,MCH75,R0.5,37.233333333333334,0.35282001122832296,mCherry,179.9,8.699999999999989
9000.0,D4,0.01875,MCH75,R0.5,37.26666666666667,0.3933499976992607,mCherry,349.6,7.0
9900.0,D4,0.01875,MCH75,R0.5,37.166666666666664,0.4257399931550026,mCherry,632.7,7.199999999999989
10800.0,D4,0.01875,MCH75,R0.5,37.1,0.4567000098526478,mCherry,1006.5,10.599999999999994
11700.0,D4,0.01875,MCH75,R0.5,37.13333333333333,0.4852799892425537,mCherry,1467.6,18.099999999999994
12600.0,D4,0.01875,MCH75,R0.5,37.166666666666664,0.5110599786043167,mCherry,2012.9,17.599999999999994
13500.0,D4,0.01875,MCH75,R0.5,37.1,0.5379499882459641,mCherry,2724.9,17.099999999999994
14400.0,D4,0.01875,MCH75,R0.5,37.06666666666667,0.5640300288796425,mCherry,3604.6,17.80000000000001
15300.0,D4,0.01875,MCH75,R0.5,37.199999999999996,0.5883900076150894,mCherry,4682.8,19.30000000000001
16200.0,D4,0.01875,MCH75,R0.5,37.03333333333333,0.6105999797582626,mCherry,6032.3,20.30000000000001
17100.0,D4,0.01875,MCH75,R0.5,37.13333333333333,0.6324899770319462,mCherry,7470.1,19.900000000000006
18000.0,D4,0.01875,MCH75,R0.5,37.0,0.6497999869287014,mCherry,9090.5,20.599999999999994
18900.0,D4,0.01875,MCH75,R0.5,37.1,0.6629100151360034,mCherry,10632.5,17.0
19800.0,D4,0.01875,MCH75,R0.5,37.23333333333333,0.676200007647276,mCherry,11870.3,18.099999999999994
20700.0,D4,0.01875,MCH75,R0.5,37.1,0.6870099775493145,mCherry,13044.0,15.699999999999989
21600.0,D4,0.01875,MCH75,R0.5,37.233333333333334,0.6964599885046482,mCherry,13845.2,19.599999999999994
22500.0,D4,0.01875,MCH75,R0.5,37.13333333333333,0.7046699762344361,mCherry,14533.8,19.599999999999994
23400.0,D4,0.01875,MCH75,R0.5,37.23333333333333,0.7133300080895424,mCherry,15104.2,21.099999999999994
24300.0,D4,0.01875,MCH75,R0.5,37.13333333333333,0.7214799977838993,mCherry,15683.6,16.400000000000006
25200.0,D4,0.01875,MCH75,R0.5,37.166666666666664,0.7260800115764141,mCherry,16048.6,19.099999999999994
26100.0,D4,0.01875,MCH75,R0.5,37.13333333333333,0.7308199904859066,mCherry,16596.3,21.30000000000001
27000.0,D4,0.01875,MCH75,R0.5,37.23333333333333,0.7340300031006336,mCherry,16971.3,22.69999999999999
27900.0,D4,0.01875,MCH75,R0.5,37.199999999999996,0.73832001760602,mCherry,17150.5,21.099999999999994
28800.0,D4,0.01875,MCH75,R0.5,37.1,0.7401599742472171,mCherry,17484.3,23.30000000000001
29700.0,D4,0.01875,MCH75,R0.5,37.16666666666667,0.7404699914157391,mCherry,17622.5,27.099999999999994
30600.0,D4,0.01875,MCH75,R0.5,37.2,0.7432400114834309,mCherry,17785.1,26.69999999999999
31500.0,D4,0.01875,MCH75,R0.5,37.233333333333334,0.7426499985158443,mCherry,17871.9,25.19999999999999
32400.0,D4,0.01875,MCH75,R0.5,37.3,0.7438300184905529,mCherry,18038.4,27.19999999999999
33300.0,D4,0.01875,MCH75,R0.5,37.1,0.7440700083971024,mCherry,18099.4,28.5
34200.0,D4,0.01875,MCH75,R0.5,37.166666666666664,0.744570005685091,mCherry,18219.3,27.5
35100.0,D4,0.01875,MCH75,R0.5,37.233333333333334,0.7453199855983257,mCherry,18368.0,29.599999999999994
36000.0,D4,0.01875,MCH75,R0.5,37.13333333333333,0.744970029592514,mCherry,18399.2,29.400000000000006
36900.0,D4,0.01875,MCH75,R0.5,37.300000000000004,0.7436100006103515,mCherry,18652.0,31.69999999999999
37800.0,D4,0.01875,MCH75,R0.5,37.13333333333333,0.7427800044417381,mCherry,18556.7,31.900000000000006
38700.0,D4,0.01875,MCH75,R0.5,37.13333333333333,0.7417500019073486,mCherry,18580.4,34.69999999999999
39600.0,D4,0.01875,MCH75,R0.5,37.166666666666664,0.7378000095486641,mCherry,18624.4,34.30000000000001
40500.0,D4,0.01875,MCH75,R0.5,37.166666666666664,0.7347000151872635,mCherry,18654.9,36.0
41400.0,D4,0.01875,MCH75,R0.5,37.36666666666667,0.7268099717795848,mCherry,18642.8,37.69999999999999
42300.0,D4,0.01875,MCH75,R0.5,37.13333333333333,0.7221200101077556,mCherry,18617.3,39.80000000000001
43200.0,D4,0.01875,MCH75,R0.5,37.26666666666667,0.7185000263154506,mCherry,18645.7,39.5
0.0,D5,0.01875,MCH10,R4,37.166666666666664,0.025810001045465464,mCherry,144.5,2.6999999999999886
900.0,D5,0.01875,MCH10,R4,37.1,0.029970002919435496,mCherry,119.3,3.4000000000000057
1800.0,D5,0.01875,MCH10,R4,37.300000000000004,0.03972999304533005,mCherry,123.3,3.8000000000000114
2700.0,D5,0.01875,MCH10,R4,37.46666666666667,0.058399997651576996,mCherry,121.7,2.5999999999999943
3600.0,D5,0.01875,MCH10,R4,37.06666666666667,0.08469999581575394,mCherry,136.2,4.199999999999989
4500.0,D5,0.01875,MCH10,R4,37.23333333333333,0.11397000104188919,mCherry,160.9,3.0
5400.0,D5,0.01875,MCH10,R4,37.0,0.14070999547839164,mCherry,214.2,6.5
6300.0,D5,0.01875,MCH10,R4,37.03333333333333,0.1620800130069256,mCherry,341.9,4.900000000000006
7200.0,D5,0.01875,MCH10,R4,37.1,0.18544999361038209,mCherry,547.5,5.599999999999994
8100.0,D5,0.01875,MCH10,R4,37.233333333333334,0.21351999267935753,mCherry,810.9,5.699999999999989
9000.0,D5,0.01875,MCH10,R4,37.26666666666667,0.2496499940752983,mCherry,1121.6,6.0
9900.0,D5,0.01875,MCH10,R4,37.166666666666664,0.2927400067448616,mCherry,1413.7,8.199999999999989
10800.0,D5,0.01875,MCH10,R4,37.1,0.33920000270009043,mCherry,1704.5,7.599999999999994
11700.0,D5,0.01875,MCH10,R4,37.13333333333333,0.3764799952507019,mCherry,1969.6,10.099999999999994
12600.0,D5,0.01875,MCH10,R4,37.166666666666664,0.41786001026630404,mCherry,2180.9,11.599999999999994
13500.0,D5,0.01875,MCH10,R4,37.1,0.46625001132488253,mCherry,2280.9,11.099999999999994
14400.0,D5,0.01875,MCH10,R4,37.06666666666667,0.5147300139069557,mCherry,2338.6,17.80000000000001
15300.0,D5,0.01875,MCH10,R4,37.199999999999996,0.5590899735689163,mCherry,2359.8,25.30000000000001
16200.0,D5,0.01875,MCH10,R4,37.03333333333333,0.6130999773740768,mCherry,2386.3,33.30000000000001
17100.0,D5,0.01875,MCH10,R4,37.13333333333333,0.6432899810373783,mCherry,2371.1,28.900000000000006
18000.0,D5,0.01875,MCH10,R4,37.0,0.6700000010430813,mCherry,2389.5,33.599999999999994
18900.0,D5,0.01875,MCH10,R4,37.1,0.6939099736511707,mCherry,2434.5,38.0
19800.0,D5,0.01875,MCH10,R4,37.23333333333333,0.7151000253856182,mCherry,2460.3,43.099999999999994
20700.0,D5,0.01875,MCH10,R4,37.1,0.7318100206553936,mCherry,2528.0,42.69999999999999
21600.0,D5,0.01875,MCH10,R4,37.233333333333334,0.7461600102484226,mCherry,2582.2,46.599999999999994
22500.0,D5,0.01875,MCH10,R4,37.13333333333333,0.7598700165748596,mCherry,2584.8,50.599999999999994
23400.0,D5,0.01875,MCH10,R4,37.23333333333333,0.7727300301194191,mCherry,2608.2,53.099999999999994
24300.0,D5,0.01875,MCH10,R4,37.13333333333333,0.7846799947321415,mCherry,2633.6,55.400000000000006
25200.0,D5,0.01875,MCH10,R4,37.166666666666664,0.795579981058836,mCherry,2628.6,60.099999999999994
26100.0,D5,0.01875,MCH10,R4,37.13333333333333,0.8086200259625912,mCherry,2647.3,63.30000000000001
27000.0,D5,0.01875,MCH10,R4,37.23333333333333,0.8171300239861011,mCherry,2693.3,65.69999999999999
27900.0,D5,0.01875,MCH10,R4,37.199999999999996,0.8248200066387653,mCherry,2754.5,66.1
28800.0,D5,0.01875,MCH10,R4,37.1,0.832959995418787,mCherry,2782.3,69.30000000000001
29700.0,D5,0.01875,MCH10,R4,37.16666666666667,0.8405699722468853,mCherry,2842.5,71.1
30600.0,D5,0.01875,MCH10,R4,37.2,0.8458399899303913,mCherry,2895.1,71.69999999999999
31500.0,D5,0.01875,MCH10,R4,37.233333333333334,0.8509500287473202,mCherry,2933.9,78.19999999999999
32400.0,D5,0.01875,MCH10,R4,37.3,0.8560299806296825,mCherry,2987.4,80.19999999999999
33300.0,D5,0.01875,MCH10,R4,37.1,0.8614699989557266,mCherry,3021.4,80.5
34200.0,D5,0.01875,MCH10,R4,37.166666666666664,0.8731700070202351,mCherry,3086.3,83.5
35100.0,D5,0.01875,MCH10,R4,37.233333333333334,0.8785199753940105,mCherry,3127.0,83.6
36000.0,D5,0.01875,MCH10,R4,37.13333333333333,0.879369980096817,mCherry,3127.2,87.4
36900.0,D5,0.01875,MCH10,R4,37.300000000000004,0.879009997844696,mCherry,3123.0,91.69999999999999
37800.0,D5,0.01875,MCH10,R4,37.13333333333333,0.8785800084471702,mCherry,3143.7,94.9
38700.0,D5,0.01875,MCH10,R4,37.13333333333333,0.8787500262260437,mCherry,3164.4,101.69999999999999
39600.0,D5,0.01875,MCH10,R4,37.166666666666664,0.8784999921917915,mCherry,3143.4,103.30000000000001
40500.0,D5,0.01875,MCH10,R4,37.166666666666664,0.877799978852272,mCherry,3128.9,106.0
41400.0,D5,0.01875,MCH10,R4,37.36666666666667,0.8771099977195262,mCherry,3101.8,115.69999999999999
42300.0,D5,0.01875,MCH10,R4,37.13333333333333,0.8781200282275676,mCherry,3138.3,116.80000000000001
43200.0,D5,0.01875,MCH10,R4,37.26666666666667,0.8769999824464321,mCherry,3111.7,123.5
0.0,D7,0.01875,GFP75,R0.25,37.166666666666664,0.029609998315572733,GFP,0.5,658.7
900.0,D7,0.01875,GFP75,R0.25,37.1,0.03666999712586402,GFP,1.3000000000000007,634.4
1800.0,D7,0.01875,GFP75,R0.25,37.300000000000004,0.044329996407032016,GFP,0.3000000000000007,614.8
2700.0,D7,0.01875,GFP75,R0.25,37.46666666666667,0.060099996626377106,GFP,-1.3000000000000007,640.6
3600.0,D7,0.01875,GFP75,R0.25,37.06666666666667,0.08579999953508377,GFP,-1.8000000000000007,725.2
4500.0,D7,0.01875,GFP75,R0.25,37.23333333333333,0.1189699962735176,GFP,-0.09999999999999964,907.0
5400.0,D7,0.01875,GFP75,R0.25,37.0,0.1615100048482418,GFP,0.1999999999999993,1269.5
6300.0,D7,0.01875,GFP75,R0.25,37.03333333333333,0.2083800069987774,GFP,-1.0999999999999996,1912.9
7200.0,D7,0.01875,GFP75,R0.25,37.1,0.27124998569488523,GFP,-0.5,2953.6
8100.0,D7,0.01875,GFP75,R0.25,37.233333333333334,0.339120002835989,GFP,-0.09999999999999964,4281.7
9000.0,D7,0.01875,GFP75,R0.25,37.26666666666667,0.3974499925971031,GFP,0.5999999999999996,5837.0
9900.0,D7,0.01875,GFP75,R0.25,37.166666666666664,0.4476399913430214,GFP,-0.3000000000000007,7361.2
10800.0,D7,0.01875,GFP75,R0.25,37.1,0.5021999903023243,GFP,-0.5,8890.6
11700.0,D7,0.01875,GFP75,R0.25,37.13333333333333,0.5568800091743469,GFP,1.5999999999999996,10188.1
12600.0,D7,0.01875,GFP75,R0.25,37.166666666666664,0.6048599869012833,GFP,-0.09999999999999964,11442.6
13500.0,D7,0.01875,GFP75,R0.25,37.1,0.6584500163793564,GFP,0.9000000000000004,12450.1
14400.0,D7,0.01875,GFP75,R0.25,37.06666666666667,0.6921300068497658,GFP,-0.40000000000000036,13231.8
15300.0,D7,0.01875,GFP75,R0.25,37.199999999999996,0.7229899913072586,GFP,0.8000000000000007,13759.3
16200.0,D7,0.01875,GFP75,R0.25,37.03333333333333,0.7495999783277512,GFP,1.3000000000000007,14243.3
17100.0,D7,0.01875,GFP75,R0.25,37.13333333333333,0.7698900081217289,GFP,-1.9000000000000004,14531.9
18000.0,D7,0.01875,GFP75,R0.25,37.0,0.7864000044763089,GFP,1.5,14933.6
18900.0,D7,0.01875,GFP75,R0.25,37.1,0.8020099706947803,GFP,-0.5,15153.0
19800.0,D7,0.01875,GFP75,R0.25,37.23333333333333,0.8170000068843365,GFP,3.3000000000000007,15337.1
20700.0,D7,0.01875,GFP75,R0.25,37.1,0.8292099706828594,GFP,1.0,15634.7
21600.0,D7,0.01875,GFP75,R0.25,37.233333333333334,0.8402600087225437,GFP,1.1999999999999993,15665.6
22500.0,D7,0.01875,GFP75,R0.25,37.13333333333333,0.8510700106620789,GFP,2.8000000000000007,15865.6
23400.0,D7,0.01875,GFP75,R0.25,37.23333333333333,0.8609300032258034,GFP,2.1999999999999993,15816.1
24300.0,D7,0.01875,GFP75,R0.25,37.13333333333333,0.8714799739420414,GFP,1.5999999999999996,15953.4
25200.0,D7,0.01875,GFP75,R0.25,37.166666666666664,0.8786800019443035,GFP,1.5999999999999996,15847.1
26100.0,D7,0.01875,GFP75,R0.25,37.13333333333333,0.8863199852406979,GFP,4.300000000000001,15961.3
27000.0,D7,0.01875,GFP75,R0.25,37.23333333333333,0.8928300090134144,GFP,3.3000000000000007,16021.7
27900.0,D7,0.01875,GFP75,R0.25,37.199999999999996,0.8987199909985065,GFP,3.5,15825.1
28800.0,D7,0.01875,GFP75,R0.25,37.1,0.902060017734766,GFP,3.3000000000000007,15875.3
29700.0,D7,0.01875,GFP75,R0.25,37.16666666666667,0.906469999998808,GFP,4.5,15820.1
30600.0,D7,0.01875,GFP75,R0.25,37.2,0.9120399482548237,GFP,5.1,15742.7
31500.0,D7,0.01875,GFP75,R0.25,37.233333333333334,0.9233500026166439,GFP,4.9,15688.2
32400.0,D7,0.01875,GFP75,R0.25,37.3,0.9281299643218517,GFP,3.4000000000000004,15602.2
33300.0,D7,0.01875,GFP75,R0.25,37.1,0.9301699548959732,GFP,4.4,15561.5
34200.0,D7,0.01875,GFP75,R0.25,37.166666666666664,0.9305700547993183,GFP,3.3000000000000007,15582.5
35100.0,D7,0.01875,GFP75,R0.25,37.233333333333334,0.9319200150668621,GFP,4.0,15486.6
36000.0,D7,0.01875,GFP75,R0.25,37.13333333333333,0.9315699994564056,GFP,0.1999999999999993,15543.4
36900.0,D7,0.01875,GFP75,R0.25,37.300000000000004,0.9314100503921509,GFP,3.0,15490.7
37800.0,D7,0.01875,GFP75,R0.25,37.13333333333333,0.9313799485564231,GFP,2.6999999999999993,15376.9
38700.0,D7,0.01875,GFP75,R0.25,37.13333333333333,0.9308499693870544,GFP,2.4000000000000004,15466.7
39600.0,D7,0.01875,GFP75,R0.25,37.166666666666664,0.931300051510334,GFP,2.4000000000000004,15408.3
40500.0,D7,0.01875,GFP75,R0.25,37.166666666666664,0.9313000351190567,GFP,1.9000000000000004,15448.0
41400.0,D7,0.01875,GFP75,R0.25,37.36666666666667,0.928709977120161,GFP,2.8000000000000007,15371.7
42300.0,D7,0.01875,GFP75,R0.25,37.13333333333333,0.9282199971377849,GFP,2.3000000000000007,15362.8
43200.0,D7,0.01875,GFP75,R0.25,37.26666666666667,0.9263000570237636,GFP,2.6999999999999993,15400.5
0.0,D8,0.01875,MCH75,R0.25,37.166666666666664,0.02290999665856361,mCherry,53.5,8.699999999999989
900.0,D8,0.01875,MCH75,R0.25,37.1,0.02866999581456184,mCherry,44.3,8.400000000000006
1800.0,D8,0.01875,MCH75,R0.25,37.300000000000004,0.0377300038933754,mCherry,44.3,3.8000000000000114
2700.0,D8,0.01875,MCH75,R0.25,37.46666666666667,0.0568000003695488,mCherry,44.7,4.599999999999994
3600.0,D8,0.01875,MCH75,R0.25,37.06666666666667,0.08739999681711197,mCherry,55.2,8.199999999999989
4500.0,D8,0.01875,MCH75,R0.25,37.23333333333333,0.1293699935078621,mCherry,62.9,7.0
5400.0,D8,0.01875,MCH75,R0.25,37.0,0.17760999426245688,mCherry,74.2,7.5
6300.0,D8,0.01875,MCH75,R0.25,37.03333333333333,0.22897999808192254,mCherry,112.9,9.900000000000006
7200.0,D8,0.01875,MCH75,R0.25,37.1,0.2911500096321106,mCherry,177.5,8.599999999999994
8100.0,D8,0.01875,MCH75,R0.25,37.233333333333334,0.3474200092256069,mCherry,307.9,8.699999999999989
9000.0,D8,0.01875,MCH75,R0.25,37.26666666666667,0.3898500129580498,mCherry,547.6,11.0
9900.0,D8,0.01875,MCH75,R0.25,37.166666666666664,0.4240400090813637,mCherry,888.7,12.199999999999989
10800.0,D8,0.01875,MCH75,R0.25,37.1,0.46199999526143076,mCherry,1240.5,18.599999999999994
11700.0,D8,0.01875,MCH75,R0.25,37.13333333333333,0.4988799810409546,mCherry,1525.6,20.099999999999994
12600.0,D8,0.01875,MCH75,R0.25,37.166666666666664,0.5347599774599076,mCherry,1734.9,24.599999999999994
13500.0,D8,0.01875,MCH75,R0.25,37.1,0.5703500002622605,mCherry,1856.9,28.099999999999994
14400.0,D8,0.01875,MCH75,R0.25,37.06666666666667,0.6137299910187721,mCherry,2006.6,35.80000000000001
15300.0,D8,0.01875,MCH75,R0.25,37.199999999999996,0.6488899737596512,mCherry,2234.8,37.30000000000001
16200.0,D8,0.01875,MCH75,R0.25,37.03333333333333,0.6688999980688095,mCherry,2538.3,37.30000000000001
17100.0,D8,0.01875,MCH75,R0.25,37.13333333333333,0.6925899960100651,mCherry,2888.1,38.900000000000006
18000.0,D8,0.01875,MCH75,R0.25,37.0,0.7121999703347683,mCherry,3315.5,44.599999999999994
18900.0,D8,0.01875,MCH75,R0.25,37.1,0.7313099808990955,mCherry,3780.5,44.0
19800.0,D8,0.01875,MCH75,R0.25,37.23333333333333,0.7474000208079815,mCherry,4199.3,44.099999999999994
20700.0,D8,0.01875,MCH75,R0.25,37.1,0.7631100289523601,mCherry,4609.0,47.69999999999999
21600.0,D8,0.01875,MCH75,R0.25,37.233333333333334,0.7786599792540073,mCherry,4979.2,48.599999999999994
22500.0,D8,0.01875,MCH75,R0.25,37.13333333333333,0.7913699984550476,mCherry,5291.8,54.599999999999994
23400.0,D8,0.01875,MCH75,R0.25,37.23333333333333,0.8019299879670143,mCherry,5481.2,52.099999999999994
24300.0,D8,0.01875,MCH75,R0.25,37.13333333333333,0.8138800121843814,mCherry,5769.6,53.400000000000006
25200.0,D8,0.01875,MCH75,R0.25,37.166666666666664,0.8245800249278545,mCherry,6147.6,56.099999999999994
26100.0,D8,0.01875,MCH75,R0.25,37.13333333333333,0.832819988578558,mCherry,6608.3,60.30000000000001
27000.0,D8,0.01875,MCH75,R0.25,37.23333333333333,0.8382300086319446,mCherry,7062.3,63.69999999999999
27900.0,D8,0.01875,MCH75,R0.25,37.199999999999996,0.846120024472475,mCherry,7467.5,62.099999999999994
28800.0,D8,0.01875,MCH75,R0.25,37.1,0.8516599990427494,mCherry,7894.3,62.30000000000001
29700.0,D8,0.01875,MCH75,R0.25,37.16666666666667,0.856469988077879,mCherry,8396.5,65.1
30600.0,D8,0.01875,MCH75,R0.25,37.2,0.8621400125324726,mCherry,8860.1,67.69999999999999
31500.0,D8,0.01875,MCH75,R0.25,37.233333333333334,0.8683499954640865,mCherry,9347.9,66.19999999999999
32400.0,D8,0.01875,MCH75,R0.25,37.3,0.8773299984633922,mCherry,9809.4,67.19999999999999
33300.0,D8,0.01875,MCH75,R0.25,37.1,0.8798700124025345,mCherry,10254.4,69.5
34200.0,D8,0.01875,MCH75,R0.25,37.166666666666664,0.8788699992001057,mCherry,10536.3,68.5
35100.0,D8,0.01875,MCH75,R0.25,37.233333333333334,0.878219985216856,mCherry,10646.0,71.6
36000.0,D8,0.01875,MCH75,R0.25,37.13333333333333,0.8777700126171112,mCherry,10772.2,74.4
36900.0,D8,0.01875,MCH75,R0.25,37.300000000000004,0.8776100039482116,mCherry,10828.0,75.69999999999999
37800.0,D8,0.01875,MCH75,R0.25,37.13333333333333,0.8756800040602684,mCherry,10783.7,77.9
38700.0,D8,0.01875,MCH75,R0.25,37.13333333333333,0.8755499720573425,mCherry,10795.4,84.69999999999999
39600.0,D8,0.01875,MCH75,R0.25,37.166666666666664,0.8747000172734261,mCherry,10768.4,85.30000000000001
40500.0,D8,0.01875,MCH75,R0.25,37.166666666666664,0.873700013756752,mCherry,10747.9,89.0
41400.0,D8,0.01875,MCH75,R0.25,37.36666666666667,0.8723099760711193,mCherry,10668.8,92.69999999999999
42300.0,D8,0.01875,MCH75,R0.25,37.13333333333333,0.8724199764430522,mCherry,10709.3,94.80000000000001
43200.0,D8,0.01875,MCH75,R0.25,37.26666666666667,0.8712999902665615,mCherry,10662.7,103.5
0.0,D10,0.01875,MCH90,R2,37.166666666666664,0.02011000141501426,mCherry,20.5,9.699999999999989
900.0,D10,0.01875,MCH90,R2,37.1,0.026469995826482767,mCherry,23.3,7.400000000000006
1800.0,D10,0.01875,MCH90,R2,37.300000000000004,0.03472999781370163,mCherry,20.3,4.800000000000011
2700.0,D10,0.01875,MCH90,R2,37.46666666666667,0.05309999734163284,mCherry,21.7,7.599999999999994
3600.0,D10,0.01875,MCH90,R2,37.06666666666667,0.08399999886751175,mCherry,24.2,7.199999999999989
4500.0,D10,0.01875,MCH90,R2,37.23333333333333,0.12586999386548997,mCherry,28.9,7.0
5400.0,D10,0.01875,MCH90,R2,37.0,0.17650999054312705,mCherry,35.2,7.5
6300.0,D10,0.01875,MCH90,R2,37.03333333333333,0.22848000451922418,mCherry,49.9,8.900000000000006
7200.0,D10,0.01875,MCH90,R2,37.1,0.2914499998092651,mCherry,84.5,7.599999999999994
8100.0,D10,0.01875,MCH90,R2,37.233333333333334,0.3506200037896633,mCherry,156.9,10.699999999999989
9000.0,D10,0.01875,MCH90,R2,37.26666666666667,0.3891499862074852,mCherry,303.6,14.0
9900.0,D10,0.01875,MCH90,R2,37.166666666666664,0.4191399708390236,mCherry,551.7,12.199999999999989
10800.0,D10,0.01875,MCH90,R2,37.1,0.44579998925328257,mCherry,879.5,18.599999999999994
11700.0,D10,0.01875,MCH90,R2,37.13333333333333,0.4696800231933594,mCherry,1282.6,18.099999999999994
12600.0,D10,0.01875,MCH90,R2,37.166666666666664,0.4913599878549576,mCherry,1741.9,20.599999999999994
13500.0,D10,0.01875,MCH90,R2,37.1,0.5126500219106674,mCherry,2221.9,23.099999999999994
14400.0,D10,0.01875,MCH90,R2,37.06666666666667,0.5346299782395363,mCherry,2769.6,24.80000000000001
15300.0,D10,0.01875,MCH90,R2,37.199999999999996,0.5570899993181229,mCherry,3329.8,26.30000000000001
16200.0,D10,0.01875,MCH90,R2,37.03333333333333,0.5767000168561935,mCherry,3914.3,29.30000000000001
17100.0,D10,0.01875,MCH90,R2,37.13333333333333,0.5989900209009648,mCherry,4619.1,32.900000000000006
18000.0,D10,0.01875,MCH90,R2,37.0,0.613300009816885,mCherry,5444.5,32.599999999999994
18900.0,D10,0.01875,MCH90,R2,37.1,0.6249100275337696,mCherry,6334.5,36.0
19800.0,D10,0.01875,MCH90,R2,37.23333333333333,0.634600018709898,mCherry,7030.3,36.099999999999994
20700.0,D10,0.01875,MCH90,R2,37.1,0.6417099706828594,mCherry,7699.0,37.69999999999999
21600.0,D10,0.01875,MCH90,R2,37.233333333333334,0.6512599982321262,mCherry,8131.2,38.599999999999994
22500.0,D10,0.01875,MCH90,R2,37.13333333333333,0.6581700086593628,mCherry,8592.8,41.599999999999994
23400.0,D10,0.01875,MCH90,R2,37.23333333333333,0.6627300158143044,mCherry,8956.2,42.099999999999994
24300.0,D10,0.01875,MCH90,R2,37.13333333333333,0.6696799851953983,mCherry,9212.6,43.400000000000006
25200.0,D10,0.01875,MCH90,R2,37.166666666666664,0.6752799861133099,mCherry,9387.6,46.099999999999994
26100.0,D10,0.01875,MCH90,R2,37.13333333333333,0.683419992774725,mCherry,9519.3,45.30000000000001
27000.0,D10,0.01875,MCH90,R2,37.23333333333333,0.690230006724596,mCherry,9706.3,51.69999999999999
27900.0,D10,0.01875,MCH90,R2,37.199999999999996,0.700819993764162,mCherry,9772.5,51.099999999999994
28800.0,D10,0.01875,MCH90,R2,37.1,0.7090599991381168,mCherry,9912.3,51.30000000000001
29700.0,D10,0.01875,MCH90,R2,37.16666666666667,0.7182700030505658,mCherry,9919.5,54.099999999999994
30600.0,D10,0.01875,MCH90,R2,37.2,0.7275400288403034,mCherry,9993.1,57.69999999999999
31500.0,D10,0.01875,MCH90,R2,37.233333333333334,0.7338500283658504,mCherry,10116.9,60.19999999999999
32400.0,D10,0.01875,MCH90,R2,37.3,0.7378299765288829,mCherry,10172.4,59.19999999999999
33300.0,D10,0.01875,MCH90,R2,37.1,0.7419700175523758,mCherry,10295.4,64.5
34200.0,D10,0.01875,MCH90,R2,37.166666666666664,0.7467700131237507,mCherry,10376.3,63.5
35100.0,D10,0.01875,MCH90,R2,37.233333333333334,0.7523200146853923,mCherry,10408.0,65.6
36000.0,D10,0.01875,MCH90,R2,37.13333333333333,0.7562699973583221,mCherry,10482.2,65.4
36900.0,D10,0.01875,MCH90,R2,37.300000000000004,0.764110004901886,mCherry,10554.0,67.69999999999999
37800.0,D10,0.01875,MCH90,R2,37.13333333333333,0.7702799782156944,mCherry,10669.7,67.9
38700.0,D10,0.01875,MCH90,R2,37.13333333333333,0.7731500267982483,mCherry,10726.4,71.69999999999999
39600.0,D10,0.01875,MCH90,R2,37.166666666666664,0.7738999798893929,mCherry,10759.4,73.30000000000001
40500.0,D10,0.01875,MCH90,R2,37.166666666666664,0.7728000193834305,mCherry,10778.9,73.0
41400.0,D10,0.01875,MCH90,R2,37.36666666666667,0.7727100186049938,mCherry,10768.8,73.69999999999999
42300.0,D10,0.01875,MCH90,R2,37.13333333333333,0.7717200152575969,mCherry,10713.3,75.80000000000001
43200.0,D10,0.01875,MCH90,R2,37.26666666666667,0.7708000026643276,mCherry,10833.7,78.5
0.0,E2,0.01875,GFP90,R4,37.166666666666664,0.02600999698042869,GFP,-0.5,403.7
900.0,E2,0.01875,GFP90,R4,37.1,0.029070002585649485,GFP,0.3000000000000007,382.4
1800.0,E2,0.01875,GFP90,R4,37.300000000000004,0.041729997098445895,GFP,0.3000000000000007,404.8
2700.0,E2,0.01875,GFP90,R4,37.46666666666667,0.06429999321699142,GFP,-3.3000000000000007,470.6
3600.0,E2,0.01875,GFP90,R4,37.06666666666667,0.09670000523328781,GFP,-0.8000000000000007,638.2
4500.0,E2,0.01875,GFP90,R4,37.23333333333333,0.1391699954867363,GFP,-1.0999999999999996,940.0
5400.0,E2,0.01875,GFP90,R4,37.0,0.1900099955499172,GFP,-0.8000000000000007,1516.5
6300.0,E2,0.01875,GFP90,R4,37.03333333333333,0.24257998988032342,GFP,0.9000000000000004,2393.9
7200.0,E2,0.01875,GFP90,R4,37.1,0.3123500108718872,GFP,-1.5,3556.6
8100.0,E2,0.01875,GFP90,R4,37.233333333333334,0.381720008701086,GFP,-0.09999999999999964,4685.7
9000.0,E2,0.01875,GFP90,R4,37.26666666666667,0.43125002831220627,GFP,-0.40000000000000036,5648.0
9900.0,E2,0.01875,GFP90,R4,37.166666666666664,0.4834399715065956,GFP,-0.3000000000000007,6350.2
10800.0,E2,0.01875,GFP90,R4,37.1,0.5361000128090382,GFP,-0.5,7081.6
11700.0,E2,0.01875,GFP90,R4,37.13333333333333,0.5850799798965454,GFP,0.5999999999999996,7549.1
12600.0,E2,0.01875,GFP90,R4,37.166666666666664,0.6366600185632706,GFP,-0.09999999999999964,8094.6
13500.0,E2,0.01875,GFP90,R4,37.1,0.6626499980688095,GFP,-0.09999999999999964,8374.1
14400.0,E2,0.01875,GFP90,R4,37.06666666666667,0.698230005800724,GFP,-0.40000000000000036,8637.8
15300.0,E2,0.01875,GFP90,R4,37.199999999999996,0.7270900160074234,GFP,-1.1999999999999993,8737.3
16200.0,E2,0.01875,GFP90,R4,37.03333333333333,0.7510999888181686,GFP,0.3000000000000007,8949.3
17100.0,E2,0.01875,GFP90,R4,37.13333333333333,0.7728900291025639,GFP,0.09999999999999964,8955.9
18000.0,E2,0.01875,GFP90,R4,37.0,0.7882000051438809,GFP,1.5,9123.6
18900.0,E2,0.01875,GFP90,R4,37.1,0.8039099879562854,GFP,1.5,9196.0
19800.0,E2,0.01875,GFP90,R4,37.23333333333333,0.8170000068843365,GFP,-0.6999999999999993,9221.1
20700.0,E2,0.01875,GFP90,R4,37.1,0.8301100008189678,GFP,2.0,9365.7
21600.0,E2,0.01875,GFP90,R4,37.233333333333334,0.8423599995672703,GFP,1.1999999999999993,9351.6
22500.0,E2,0.01875,GFP90,R4,37.13333333333333,0.8533699750900269,GFP,0.8000000000000007,9435.6
23400.0,E2,0.01875,GFP90,R4,37.23333333333333,0.8629299774765968,GFP,4.199999999999999,9440.1
24300.0,E2,0.01875,GFP90,R4,37.13333333333333,0.8705800034105777,GFP,1.5999999999999996,9514.4
25200.0,E2,0.01875,GFP90,R4,37.166666666666664,0.8821799866855145,GFP,3.5999999999999996,9473.1
26100.0,E2,0.01875,GFP90,R4,37.13333333333333,0.8902199767529965,GFP,5.300000000000001,9573.3
27000.0,E2,0.01875,GFP90,R4,37.23333333333333,0.8975300140678882,GFP,1.3000000000000007,9493.7
27900.0,E2,0.01875,GFP90,R4,37.199999999999996,0.9033199794590473,GFP,3.5,9414.1
28800.0,E2,0.01875,GFP90,R4,37.1,0.9103600241243839,GFP,4.300000000000001,9525.3
29700.0,E2,0.01875,GFP90,R4,37.16666666666667,0.9169700138270855,GFP,3.5,9461.1
30600.0,E2,0.01875,GFP90,R4,37.2,0.9263400562107563,GFP,3.0999999999999996,9402.7
31500.0,E2,0.01875,GFP90,R4,37.233333333333334,0.9360499642789364,GFP,4.9,9370.2
32400.0,E2,0.01875,GFP90,R4,37.3,0.938030057400465,GFP,2.4000000000000004,9328.2
33300.0,E2,0.01875,GFP90,R4,37.1,0.9407700449228287,GFP,5.4,9290.5
34200.0,E2,0.01875,GFP90,R4,37.166666666666664,0.941469956189394,GFP,2.3000000000000007,9309.5
35100.0,E2,0.01875,GFP90,R4,37.233333333333334,0.9426200024783611,GFP,4.0,9246.6
36000.0,E2,0.01875,GFP90,R4,37.13333333333333,0.9419700562953949,GFP,2.1999999999999993,9233.4
36900.0,E2,0.01875,GFP90,R4,37.300000000000004,0.942710018157959,GFP,4.0,9229.7
37800.0,E2,0.01875,GFP90,R4,37.13333333333333,0.943879996240139,GFP,3.6999999999999993,9177.9
38700.0,E2,0.01875,GFP90,R4,37.13333333333333,0.9443499445915222,GFP,1.4000000000000004,9216.7
39600.0,E2,0.01875,GFP90,R4,37.166666666666664,0.9434000328183174,GFP,1.4000000000000004,9152.3
40500.0,E2,0.01875,GFP90,R4,37.166666666666664,0.9430999666452408,GFP,2.9000000000000004,9228.0
41400.0,E2,0.01875,GFP90,R4,37.36666666666667,0.9436099462211132,GFP,1.8000000000000007,9184.7
42300.0,E2,0.01875,GFP90,R4,37.13333333333333,0.9487199418246746,GFP,4.300000000000001,9181.8
43200.0,E2,0.01875,GFP90,R4,37.26666666666667,0.9516999803483486,GFP,3.6999999999999993,9232.5
0.0,E3,0.01875,GFP10,R0.25,37.166666666666664,0.03430999591946601,GFP,-0.5,592.7
900.0,E3,0.01875,GFP10,R0.25,37.1,0.03437000289559364,GFP,1.3000000000000007,534.4
1800.0,E3,0.01875,GFP10,R0.25,37.300000000000004,0.047530005872249606,GFP,1.3000000000000007,560.8
2700.0,E3,0.01875,GFP10,R0.25,37.46666666666667,0.06879999488592148,GFP,-2.3000000000000007,652.6
3600.0,E3,0.01875,GFP10,R0.25,37.06666666666667,0.0958000048995018,GFP,-0.8000000000000007,897.2
4500.0,E3,0.01875,GFP10,R0.25,37.23333333333333,0.1237700030207634,GFP,-0.09999999999999964,1341.0
5400.0,E3,0.01875,GFP10,R0.25,37.0,0.15220999643206595,GFP,0.1999999999999993,2050.5
6300.0,E3,0.01875,GFP10,R0.25,37.03333333333333,0.17777999565005304,GFP,1.9000000000000004,2856.9
7200.0,E3,0.01875,GFP10,R0.25,37.1,0.20655000805854798,GFP,-0.5,3800.6
8100.0,E3,0.01875,GFP10,R0.25,37.233333333333334,0.23872000202536584,GFP,-0.09999999999999964,4658.7
9000.0,E3,0.01875,GFP10,R0.25,37.26666666666667,0.2805499956011772,GFP,0.5999999999999996,5505.0
9900.0,E3,0.01875,GFP10,R0.25,37.166666666666664,0.3290400102734566,GFP,0.6999999999999993,6169.2
10800.0,E3,0.01875,GFP10,R0.25,37.1,0.37989999130368235,GFP,-1.5,6668.6
11700.0,E3,0.01875,GFP10,R0.25,37.13333333333333,0.42148001194000245,GFP,0.5999999999999996,7092.1
12600.0,E3,0.01875,GFP10,R0.25,37.166666666666664,0.4664600282907486,GFP,-1.0999999999999996,7658.6
13500.0,E3,0.01875,GFP10,R0.25,37.1,0.5154500097036362,GFP,0.9000000000000004,7981.1
14400.0,E3,0.01875,GFP10,R0.25,37.06666666666667,0.5632300153374672,GFP,-0.40000000000000036,8350.8
15300.0,E3,0.01875,GFP10,R0.25,37.199999999999996,0.6062899976968765,GFP,-1.1999999999999993,8581.3
16200.0,E3,0.01875,GFP10,R0.25,37.03333333333333,0.6586999744176865,GFP,0.3000000000000007,8885.3
17100.0,E3,0.01875,GFP10,R0.25,37.13333333333333,0.6862900234758854,GFP,1.0999999999999996,9020.9
18000.0,E3,0.01875,GFP10,R0.25,37.0,0.7132000170648098,GFP,0.5,9137.6
18900.0,E3,0.01875,GFP10,R0.25,37.1,0.7375099964439868,GFP,-1.5,9246.0
19800.0,E3,0.01875,GFP10,R0.25,37.23333333333333,0.7568999879062176,GFP,1.3000000000000007,9226.1
20700.0,E3,0.01875,GFP10,R0.25,37.1,0.7722099892795086,GFP,3.0,9294.7
21600.0,E3,0.01875,GFP10,R0.25,37.233333333333334,0.7869599856436252,GFP,1.1999999999999993,9293.6
22500.0,E3,0.01875,GFP10,R0.25,37.13333333333333,0.8010699987411499,GFP,1.8000000000000007,9361.6
23400.0,E3,0.01875,GFP10,R0.25,37.23333333333333,0.8150300160050392,GFP,3.1999999999999993,9352.1
24300.0,E3,0.01875,GFP10,R0.25,37.13333333333333,0.8268800236284732,GFP,0.5999999999999996,9412.4
25200.0,E3,0.01875,GFP10,R0.25,37.166666666666664,0.8388800136744976,GFP,1.5999999999999996,9358.1
26100.0,E3,0.01875,GFP10,R0.25,37.13333333333333,0.8512200020253659,GFP,3.3000000000000007,9465.3
27000.0,E3,0.01875,GFP10,R0.25,37.23333333333333,0.8616300173103809,GFP,1.3000000000000007,9434.7
27900.0,E3,0.01875,GFP10,R0.25,37.199999999999996,0.8702200300991535,GFP,1.5,9411.1
28800.0,E3,0.01875,GFP10,R0.25,37.1,0.8783600188791751,GFP,4.300000000000001,9407.3
29700.0,E3,0.01875,GFP10,R0.25,37.16666666666667,0.8850700251758099,GFP,4.5,9414.1
30600.0,E3,0.01875,GFP10,R0.25,37.2,0.8911399967968464,GFP,6.1,9375.7
31500.0,E3,0.01875,GFP10,R0.25,37.233333333333334,0.8957500122487545,GFP,1.9000000000000004,9390.2
32400.0,E3,0.01875,GFP10,R0.25,37.3,0.9007300071418285,GFP,2.4000000000000004,9388.2
33300.0,E3,0.01875,GFP10,R0.25,37.1,0.9047699719667435,GFP,2.4000000000000004,9267.5
34200.0,E3,0.01875,GFP10,R0.25,37.166666666666664,0.9158699996769428,GFP,1.3000000000000007,9255.5
35100.0,E3,0.01875,GFP10,R0.25,37.233333333333334,0.9209199778735637,GFP,5.0,9175.6
36000.0,E3,0.01875,GFP10,R0.25,37.13333333333333,0.91877002120018,GFP,4.199999999999999,9233.4
36900.0,E3,0.01875,GFP10,R0.25,37.300000000000004,0.9175100088119507,GFP,4.0,9194.7
37800.0,E3,0.01875,GFP10,R0.25,37.13333333333333,0.9161800488829612,GFP,3.6999999999999993,9069.9
38700.0,E3,0.01875,GFP10,R0.25,37.13333333333333,0.9145500063896179,GFP,2.4000000000000004,9087.7
39600.0,E3,0.01875,GFP10,R0.25,37.166666666666664,0.9152000024914742,GFP,2.4000000000000004,9040.3
40500.0,E3,0.01875,GFP10,R0.25,37.166666666666664,0.9142999559640884,GFP,3.9000000000000004,9024.0
41400.0,E3,0.01875,GFP10,R0.25,37.36666666666667,0.914510004967451,GFP,1.8000000000000007,8984.7
42300.0,E3,0.01875,GFP10,R0.25,37.13333333333333,0.9124199979007244,GFP,3.3000000000000007,8990.8
43200.0,E3,0.01875,GFP10,R0.25,37.26666666666667,0.911999949067831,GFP,3.6999999999999993,8896.5
0.0,E5,0.01875,MCH90,R0.25,37.166666666666664,0.02510999664664268,mCherry,4.5,-5.300000000000011
900.0,E5,0.01875,MCH90,R0.25,37.1,0.02926999852061271,mCherry,5.300000000000001,-4.599999999999994
1800.0,E5,0.01875,MCH90,R0.25,37.300000000000004,0.0385300025343895,mCherry,5.300000000000001,-6.199999999999989
2700.0,E5,0.01875,MCH90,R0.25,37.46666666666667,0.05880000442266464,mCherry,1.6999999999999993,-3.4000000000000057
3600.0,E5,0.01875,MCH90,R0.25,37.06666666666667,0.09230000525712967,mCherry,6.199999999999999,-2.8000000000000114
4500.0,E5,0.01875,MCH90,R0.25,37.23333333333333,0.13877000361680986,mCherry,8.9,-4.0
5400.0,E5,0.01875,MCH90,R0.25,37.0,0.19180999621748923,mCherry,11.2,-4.5
6300.0,E5,0.01875,MCH90,R0.25,37.03333333333333,0.24597998782992364,mCherry,23.9,-2.0999999999999943
7200.0,E5,0.01875,MCH90,R0.25,37.1,0.31114999055862425,mCherry,42.5,-0.4000000000000057
8100.0,E5,0.01875,MCH90,R0.25,37.233333333333334,0.3710199914872646,mCherry,83.9,-0.30000000000001137
9000.0,E5,0.01875,MCH90,R0.25,37.26666666666667,0.4088500067591667,mCherry,164.6,2.0
9900.0,E5,0.01875,MCH90,R0.25,37.166666666666664,0.4435400262475014,mCherry,276.7,3.1999999999999886
10800.0,E5,0.01875,MCH90,R0.25,37.1,0.47239999249577524,mCherry,392.5,5.599999999999994
11700.0,E5,0.01875,MCH90,R0.25,37.13333333333333,0.499780011177063,mCherry,524.6,9.099999999999994
12600.0,E5,0.01875,MCH90,R0.25,37.166666666666664,0.5234600096940994,mCherry,670.9,12.599999999999994
13500.0,E5,0.01875,MCH90,R0.25,37.1,0.5471500247716904,mCherry,874.9,15.099999999999994
14400.0,E5,0.01875,MCH90,R0.25,37.06666666666667,0.5692299976944923,mCherry,1177.6,16.80000000000001
15300.0,E5,0.01875,MCH90,R0.25,37.199999999999996,0.5878899842500687,mCherry,1687.8,18.30000000000001
16200.0,E5,0.01875,MCH90,R0.25,37.03333333333333,0.6012000292539597,mCherry,2568.3,19.30000000000001
17100.0,E5,0.01875,MCH90,R0.25,37.13333333333333,0.6113899923861027,mCherry,3570.1,19.900000000000006
18000.0,E5,0.01875,MCH90,R0.25,37.0,0.6209000192582608,mCherry,4564.5,20.599999999999994
18900.0,E5,0.01875,MCH90,R0.25,37.1,0.6279099889099597,mCherry,5340.5,24.0
19800.0,E5,0.01875,MCH90,R0.25,37.23333333333333,0.6346999756991863,mCherry,5907.3,22.099999999999994
20700.0,E5,0.01875,MCH90,R0.25,37.1,0.6429099909961223,mCherry,6406.0,24.69999999999999
21600.0,E5,0.01875,MCH90,R0.25,37.233333333333334,0.6512599982321262,mCherry,6794.2,24.599999999999994
22500.0,E5,0.01875,MCH90,R0.25,37.13333333333333,0.6539700269699097,mCherry,7162.8,27.599999999999994
23400.0,E5,0.01875,MCH90,R0.25,37.23333333333333,0.6571299806237221,mCherry,7431.2,29.099999999999994
24300.0,E5,0.01875,MCH90,R0.25,37.13333333333333,0.6610799886286258,mCherry,7628.6,29.400000000000006
25200.0,E5,0.01875,MCH90,R0.25,37.166666666666664,0.6643800251185894,mCherry,7835.6,30.099999999999994
26100.0,E5,0.01875,MCH90,R0.25,37.13333333333333,0.6669199965894222,mCherry,8001.3,36.30000000000001
27000.0,E5,0.01875,MCH90,R0.25,37.23333333333333,0.6703299827873707,mCherry,8085.3,37.69999999999999
27900.0,E5,0.01875,MCH90,R0.25,37.199999999999996,0.6724199898540973,mCherry,8212.5,36.099999999999994
28800.0,E5,0.01875,MCH90,R0.25,37.1,0.6733599759638309,mCherry,8342.3,39.30000000000001
29700.0,E5,0.01875,MCH90,R0.25,37.16666666666667,0.6749700300395489,mCherry,8438.5,41.099999999999994
30600.0,E5,0.01875,MCH90,R0.25,37.2,0.6788399942219258,mCherry,8593.1,41.69999999999999
31500.0,E5,0.01875,MCH90,R0.25,37.233333333333334,0.6789499782025814,mCherry,8587.9,41.19999999999999
32400.0,E5,0.01875,MCH90,R0.25,37.3,0.6792300276458263,mCherry,8688.4,46.19999999999999
33300.0,E5,0.01875,MCH90,R0.25,37.1,0.678969994187355,mCherry,8757.4,45.5
34200.0,E5,0.01875,MCH90,R0.25,37.166666666666664,0.6788700111210346,mCherry,8904.3,47.5
35100.0,E5,0.01875,MCH90,R0.25,37.233333333333334,0.6793200008571147,mCherry,8915.0,47.599999999999994
36000.0,E5,0.01875,MCH90,R0.25,37.13333333333333,0.6765700042247772,mCherry,9016.2,48.400000000000006
36900.0,E5,0.01875,MCH90,R0.25,37.300000000000004,0.6758100152015686,mCherry,9085.0,48.69999999999999
37800.0,E5,0.01875,MCH90,R0.25,37.13333333333333,0.676080022752285,mCherry,9077.7,51.900000000000006
38700.0,E5,0.01875,MCH90,R0.25,37.13333333333333,0.6764500141143799,mCherry,9148.4,54.69999999999999
39600.0,E5,0.01875,MCH90,R0.25,37.166666666666664,0.6780999973416328,mCherry,9176.4,54.30000000000001
40500.0,E5,0.01875,MCH90,R0.25,37.166666666666664,0.6793000012636184,mCherry,9197.9,56.0
41400.0,E5,0.01875,MCH90,R0.25,37.36666666666667,0.6786100201308727,mCherry,9293.8,57.69999999999999
42300.0,E5,0.01875,MCH90,R0.25,37.13333333333333,0.6797200076282024,mCherry,9292.3,57.80000000000001
43200.0,E5,0.01875,MCH90,R0.25,37.26666666666667,0.6771000109612941,mCherry,9332.7,61.5
0.0,E6,0.01875,GFP10,R1,37.166666666666664,0.03551000133156776,GFP,-0.5,762.7
900.0,E6,0.01875,GFP10,R1,37.1,0.04307000115513801,GFP,0.3000000000000007,771.4
1800.0,E6,0.01875,GFP10,R1,37.300000000000004,0.05132999569177628,GFP,0.3000000000000007,762.8
2700.0,E6,0.01875,GFP10,R1,37.46666666666667,0.06639999896287918,GFP,1.6999999999999993,861.6
3600.0,E6,0.01875,GFP10,R1,37.06666666666667,0.08479999750852585,GFP,0.1999999999999993,1165.2
4500.0,E6,0.01875,GFP10,R1,37.23333333333333,0.10617000311613083,GFP,-1.0999999999999996,1749.0
5400.0,E6,0.01875,GFP10,R1,37.0,0.12400999590754509,GFP,0.1999999999999993,2625.5
6300.0,E6,0.01875,GFP10,R1,37.03333333333333,0.13897999450564386,GFP,-0.09999999999999964,3640.9
7200.0,E6,0.01875,GFP10,R1,37.1,0.15574999749660492,GFP,0.5,4609.6
8100.0,E6,0.01875,GFP10,R1,37.233333333333334,0.1734199844300747,GFP,0.9000000000000004,5550.7
9000.0,E6,0.01875,GFP10,R1,37.26666666666667,0.1967500075697899,GFP,-1.4000000000000004,6493.0
9900.0,E6,0.01875,GFP10,R1,37.166666666666664,0.22383998781442643,GFP,-0.3000000000000007,7319.2
10800.0,E6,0.01875,GFP10,R1,37.1,0.2588000126183033,GFP,0.5,8176.6
11700.0,E6,0.01875,GFP10,R1,37.13333333333333,0.304779988527298,GFP,0.5999999999999996,8855.1
12600.0,E6,0.01875,GFP10,R1,37.166666666666664,0.35856000483036043,GFP,-0.09999999999999964,9392.6
13500.0,E6,0.01875,GFP10,R1,37.1,0.4042500048875809,GFP,-0.09999999999999964,9617.1
14400.0,E6,0.01875,GFP10,R1,37.06666666666667,0.44602999836206436,GFP,0.5999999999999996,9971.8
15300.0,E6,0.01875,GFP10,R1,37.199999999999996,0.4970899969339371,GFP,-0.1999999999999993,10197.3
16200.0,E6,0.01875,GFP10,R1,37.03333333333333,0.5537000149488449,GFP,-1.6999999999999993,10377.3
17100.0,E6,0.01875,GFP10,R1,37.13333333333333,0.6062899805605412,GFP,4.1,10392.9
18000.0,E6,0.01875,GFP10,R1,37.0,0.6777000270783902,GFP,-2.5,10464.6
18900.0,E6,0.01875,GFP10,R1,37.1,0.7111100263893604,GFP,1.5,10526.0
19800.0,E6,0.01875,GFP10,R1,37.23333333333333,0.7305999748408795,GFP,0.3000000000000007,10414.1
20700.0,E6,0.01875,GFP10,R1,37.1,0.749310003966093,GFP,2.0,10480.7
21600.0,E6,0.01875,GFP10,R1,37.233333333333334,0.7695600189268589,GFP,3.1999999999999993,10394.6
22500.0,E6,0.01875,GFP10,R1,37.13333333333333,0.7865699768066406,GFP,-1.1999999999999993,10452.6
23400.0,E6,0.01875,GFP10,R1,37.23333333333333,0.8032300248742104,GFP,1.1999999999999993,10417.1
24300.0,E6,0.01875,GFP10,R1,37.13333333333333,0.8196800209581852,GFP,0.5999999999999996,10456.4
25200.0,E6,0.01875,GFP10,R1,37.166666666666664,0.8328799717128277,GFP,1.5999999999999996,10349.1
26100.0,E6,0.01875,GFP10,R1,37.13333333333333,0.8462200067937374,GFP,4.300000000000001,10430.3
27000.0,E6,0.01875,GFP10,R1,37.23333333333333,0.8600299902260303,GFP,3.3000000000000007,10390.7
27900.0,E6,0.01875,GFP10,R1,37.199999999999996,0.8706199772655964,GFP,3.5,10331.1
28800.0,E6,0.01875,GFP10,R1,37.1,0.8790600158274173,GFP,3.3000000000000007,10390.3
29700.0,E6,0.01875,GFP10,R1,37.16666666666667,0.8893700234591961,GFP,3.5,10392.1
30600.0,E6,0.01875,GFP10,R1,37.2,0.8978399761021137,GFP,3.0999999999999996,10316.7
31500.0,E6,0.01875,GFP10,R1,37.233333333333334,0.9033500216901302,GFP,4.9,10298.2
32400.0,E6,0.01875,GFP10,R1,37.3,0.9078299932181835,GFP,2.4000000000000004,10245.2
33300.0,E6,0.01875,GFP10,R1,37.1,0.9192700535058975,GFP,3.4000000000000004,10103.5
34200.0,E6,0.01875,GFP10,R1,37.166666666666664,0.922670055180788,GFP,4.300000000000001,10083.5
35100.0,E6,0.01875,GFP10,R1,37.233333333333334,0.9229199521243572,GFP,4.0,9937.6
36000.0,E6,0.01875,GFP10,R1,37.13333333333333,0.919769948720932,GFP,1.1999999999999993,9917.4
36900.0,E6,0.01875,GFP10,R1,37.300000000000004,0.9159099817276001,GFP,4.0,9829.7
37800.0,E6,0.01875,GFP10,R1,37.13333333333333,0.9143799886107444,GFP,3.6999999999999993,9678.9
38700.0,E6,0.01875,GFP10,R1,37.13333333333333,0.9171499609947205,GFP,1.4000000000000004,9782.7
39600.0,E6,0.01875,GFP10,R1,37.166666666666664,0.9182000234723091,GFP,3.4000000000000004,9711.3
40500.0,E6,0.01875,GFP10,R1,37.166666666666664,0.9196000009775162,GFP,3.9000000000000004,9686.0
41400.0,E6,0.01875,GFP10,R1,37.36666666666667,0.9186099700629711,GFP,1.8000000000000007,9642.7
42300.0,E6,0.01875,GFP10,R1,37.13333333333333,0.9203199975192546,GFP,2.3000000000000007,9570.8
43200.0,E6,0.01875,GFP10,R1,37.26666666666667,0.9199999652802944,GFP,2.6999999999999993,9530.5
0.0,E7,0.01875,MCH25,R0.25,37.166666666666664,0.028910001367330546,mCherry,107.5,7.699999999999989
900.0,E7,0.01875,MCH25,R0.25,37.1,0.032869999855756754,mCherry,96.3,11.400000000000006
1800.0,E7,0.01875,MCH25,R0.25,37.300000000000004,0.04293000251054764,mCherry,91.3,4.800000000000011
2700.0,E7,0.01875,MCH25,R0.25,37.46666666666667,0.06369999796152115,mCherry,101.7,6.599999999999994
3600.0,E7,0.01875,MCH25,R0.25,37.06666666666667,0.09650000184774399,mCherry,106.2,9.199999999999989
4500.0,E7,0.01875,MCH25,R0.25,37.23333333333333,0.1341700002551079,mCherry,129.9,9.0
5400.0,E7,0.01875,MCH25,R0.25,37.0,0.16680999025702475,mCherry,202.2,8.5
6300.0,E7,0.01875,MCH25,R0.25,37.03333333333333,0.18547999188303949,mCherry,352.9,8.900000000000006
7200.0,E7,0.01875,MCH25,R0.25,37.1,0.2027500033378601,mCherry,636.5,10.599999999999994
8100.0,E7,0.01875,MCH25,R0.25,37.233333333333334,0.21671998724341393,mCherry,1064.9,8.699999999999989
9000.0,E7,0.01875,MCH25,R0.25,37.26666666666667,0.23274999111890793,mCherry,1591.6,12.0
9900.0,E7,0.01875,MCH25,R0.25,37.166666666666664,0.24743999987840654,mCherry,2153.7,11.199999999999989
10800.0,E7,0.01875,MCH25,R0.25,37.1,0.26479999497532847,mCherry,2759.5,13.599999999999994
11700.0,E7,0.01875,MCH25,R0.25,37.13333333333333,0.2836800038814545,mCherry,3363.6,12.099999999999994
12600.0,E7,0.01875,MCH25,R0.25,37.166666666666664,0.3013599902391434,mCherry,3912.9,11.599999999999994
13500.0,E7,0.01875,MCH25,R0.25,37.1,0.31965000331401827,mCherry,4340.9,15.099999999999994
14400.0,E7,0.01875,MCH25,R0.25,37.06666666666667,0.33873001486063004,mCherry,4753.6,12.800000000000011
15300.0,E7,0.01875,MCH25,R0.25,37.199999999999996,0.3608899861574173,mCherry,5007.8,13.300000000000011
16200.0,E7,0.01875,MCH25,R0.25,37.03333333333333,0.3879999965429306,mCherry,5248.3,13.300000000000011
17100.0,E7,0.01875,MCH25,R0.25,37.13333333333333,0.419889984279871,mCherry,5381.1,13.900000000000006
18000.0,E7,0.01875,MCH25,R0.25,37.0,0.45609997138381003,mCherry,5532.5,16.599999999999994
18900.0,E7,0.01875,MCH25,R0.25,37.1,0.4973100133240223,mCherry,5604.5,18.0
19800.0,E7,0.01875,MCH25,R0.25,37.23333333333333,0.542300020903349,mCherry,5589.3,21.099999999999994
20700.0,E7,0.01875,MCH25,R0.25,37.1,0.5908099882304668,mCherry,5633.0,29.69999999999999
21600.0,E7,0.01875,MCH25,R0.25,37.233333333333334,0.6340600050985813,mCherry,5660.2,32.599999999999994
22500.0,E7,0.01875,MCH25,R0.25,37.13333333333333,0.6487699985504151,mCherry,5762.8,35.599999999999994
23400.0,E7,0.01875,MCH25,R0.25,37.23333333333333,0.6610299721360207,mCherry,5808.2,38.099999999999994
24300.0,E7,0.01875,MCH25,R0.25,37.13333333333333,0.6769800044596195,mCherry,5861.6,34.400000000000006
25200.0,E7,0.01875,MCH25,R0.25,37.166666666666664,0.6942799799144268,mCherry,5898.6,41.099999999999994
26100.0,E7,0.01875,MCH25,R0.25,37.13333333333333,0.7094200156629086,mCherry,5932.3,46.30000000000001
27000.0,E7,0.01875,MCH25,R0.25,37.23333333333333,0.7254300065338611,mCherry,5973.3,48.69999999999999
27900.0,E7,0.01875,MCH25,R0.25,37.199999999999996,0.7410199888050556,mCherry,5913.5,46.099999999999994
28800.0,E7,0.01875,MCH25,R0.25,37.1,0.7559599734842777,mCherry,5969.3,48.30000000000001
29700.0,E7,0.01875,MCH25,R0.25,37.16666666666667,0.76907002851367,mCherry,6012.5,55.099999999999994
30600.0,E7,0.01875,MCH25,R0.25,37.2,0.7813400156795979,mCherry,6026.1,54.69999999999999
31500.0,E7,0.01875,MCH25,R0.25,37.233333333333334,0.7894500158727169,mCherry,6045.9,57.19999999999999
32400.0,E7,0.01875,MCH25,R0.25,37.3,0.7966300182044506,mCherry,6074.4,63.19999999999999
33300.0,E7,0.01875,MCH25,R0.25,37.1,0.8029700070619583,mCherry,6076.4,60.5
34200.0,E7,0.01875,MCH25,R0.25,37.166666666666664,0.8084699995815754,mCherry,6127.3,65.5
35100.0,E7,0.01875,MCH25,R0.25,37.233333333333334,0.8141200177371501,mCherry,6210.0,66.6
36000.0,E7,0.01875,MCH25,R0.25,37.13333333333333,0.8251699864864349,mCherry,6210.2,70.4
36900.0,E7,0.01875,MCH25,R0.25,37.300000000000004,0.8294099926948547,mCherry,6277.0,70.69999999999999
37800.0,E7,0.01875,MCH25,R0.25,37.13333333333333,0.8284799799323082,mCherry,6306.7,70.9
38700.0,E7,0.01875,MCH25,R0.25,37.13333333333333,0.8267499804496765,mCherry,6306.4,74.69999999999999
39600.0,E7,0.01875,MCH25,R0.25,37.166666666666664,0.8249999955296516,mCherry,6264.4,78.30000000000001
40500.0,E7,0.01875,MCH25,R0.25,37.166666666666664,0.823100021481514,mCherry,6234.9,81.0
41400.0,E7,0.01875,MCH25,R0.25,37.36666666666667,0.8223100237548351,mCherry,6290.8,87.69999999999999
42300.0,E7,0.01875,MCH25,R0.25,37.13333333333333,0.8212200038135051,mCherry,6216.3,86.80000000000001
43200.0,E7,0.01875,MCH25,R0.25,37.26666666666667,0.8202999912202358,mCherry,6230.7,91.5
0.0,E8,0.01875,MCH90,R4,37.166666666666664,0.026109998673200602,mCherry,11.5,2.6999999999999886
900.0,E8,0.01875,MCH90,R4,37.1,0.0291699968278408,mCherry,12.3,2.4000000000000057
1800.0,E8,0.01875,MCH90,R4,37.300000000000004,0.03792999237775803,mCherry,9.3,-1.1999999999999886
2700.0,E8,0.01875,MCH90,R4,37.46666666666667,0.05610000342130661,mCherry,8.7,2.5999999999999943
3600.0,E8,0.01875,MCH90,R4,37.06666666666667,0.08790000528097153,mCherry,11.2,5.199999999999989
4500.0,E8,0.01875,MCH90,R4,37.23333333333333,0.1309700056910515,mCherry,12.9,2.0
5400.0,E8,0.01875,MCH90,R4,37.0,0.18300999626517295,mCherry,19.2,3.5
6300.0,E8,0.01875,MCH90,R4,37.03333333333333,0.23327999636530877,mCherry,28.9,3.9000000000000057
7200.0,E8,0.01875,MCH90,R4,37.1,0.2962499916553497,mCherry,47.5,3.5999999999999943
8100.0,E8,0.01875,MCH90,R4,37.233333333333334,0.35341999158263204,mCherry,98.9,9.699999999999989
9000.0,E8,0.01875,MCH90,R4,37.26666666666667,0.3954499885439873,mCherry,194.6,8.0
9900.0,E8,0.01875,MCH90,R4,37.166666666666664,0.4223400250077248,mCherry,369.7,10.199999999999989
10800.0,E8,0.01875,MCH90,R4,37.1,0.44670001938939097,mCherry,587.5,14.599999999999994
11700.0,E8,0.01875,MCH90,R4,37.13333333333333,0.46837998628616334,mCherry,879.6,16.099999999999994
12600.0,E8,0.01875,MCH90,R4,37.166666666666664,0.48686001598834994,mCherry,1233.9,17.599999999999994
13500.0,E8,0.01875,MCH90,R4,37.1,0.5043500155210495,mCherry,1676.9,19.099999999999994
14400.0,E8,0.01875,MCH90,R4,37.06666666666667,0.5220299735665321,mCherry,2222.6,19.80000000000001
15300.0,E8,0.01875,MCH90,R4,37.199999999999996,0.5392900258302689,mCherry,2750.8,20.30000000000001
16200.0,E8,0.01875,MCH90,R4,37.03333333333333,0.5549999922513962,mCherry,3382.3,26.30000000000001
17100.0,E8,0.01875,MCH90,R4,37.13333333333333,0.5712900139391422,mCherry,4068.1,25.900000000000006
18000.0,E8,0.01875,MCH90,R4,37.0,0.5831000052392483,mCherry,4799.5,26.599999999999994
18900.0,E8,0.01875,MCH90,R4,37.1,0.590010017901659,mCherry,5568.5,28.0
19800.0,E8,0.01875,MCH90,R4,37.23333333333333,0.5955999843776226,mCherry,6243.3,26.099999999999994
20700.0,E8,0.01875,MCH90,R4,37.1,0.6008099786937237,mCherry,6791.0,28.69999999999999
21600.0,E8,0.01875,MCH90,R4,37.233333333333334,0.6080599822103977,mCherry,7188.2,31.599999999999994
22500.0,E8,0.01875,MCH90,R4,37.13333333333333,0.6114700078964234,mCherry,7501.8,32.599999999999994
23400.0,E8,0.01875,MCH90,R4,37.23333333333333,0.6168300285935402,mCherry,7717.2,35.099999999999994
24300.0,E8,0.01875,MCH90,R4,37.13333333333333,0.6235800243914127,mCherry,7922.6,35.400000000000006
25200.0,E8,0.01875,MCH90,R4,37.166666666666664,0.6303799860179424,mCherry,8083.6,42.099999999999994
26100.0,E8,0.01875,MCH90,R4,37.13333333333333,0.634620001167059,mCherry,8171.3,40.30000000000001
27000.0,E8,0.01875,MCH90,R4,37.23333333333333,0.637930030375719,mCherry,8337.3,41.69999999999999
27900.0,E8,0.01875,MCH90,R4,37.199999999999996,0.6427200086414814,mCherry,8360.5,43.099999999999994
28800.0,E8,0.01875,MCH90,R4,37.1,0.6433600045740604,mCherry,8505.3,48.30000000000001
29700.0,E8,0.01875,MCH90,R4,37.16666666666667,0.6468700163066388,mCherry,8553.5,46.099999999999994
30600.0,E8,0.01875,MCH90,R4,37.2,0.650339973717928,mCherry,8622.1,48.69999999999999
31500.0,E8,0.01875,MCH90,R4,37.233333333333334,0.6528499983251095,mCherry,8751.9,45.19999999999999
32400.0,E8,0.01875,MCH90,R4,37.3,0.6550300054252147,mCherry,8756.4,49.19999999999999
33300.0,E8,0.01875,MCH90,R4,37.1,0.6582700163125992,mCherry,8770.4,49.5
34200.0,E8,0.01875,MCH90,R4,37.166666666666664,0.6614699847996235,mCherry,8915.3,53.5
35100.0,E8,0.01875,MCH90,R4,37.233333333333334,0.6680199734866619,mCherry,8901.0,54.599999999999994
36000.0,E8,0.01875,MCH90,R4,37.13333333333333,0.6707699954509735,mCherry,8980.2,53.400000000000006
36900.0,E8,0.01875,MCH90,R4,37.300000000000004,0.6727099776268005,mCherry,9091.0,58.69999999999999
37800.0,E8,0.01875,MCH90,R4,37.13333333333333,0.6745800122618675,mCherry,9122.7,55.900000000000006
38700.0,E8,0.01875,MCH90,R4,37.13333333333333,0.6765499711036682,mCherry,9173.4,61.69999999999999
39600.0,E8,0.01875,MCH90,R4,37.166666666666664,0.6778000071644783,mCherry,9171.4,57.30000000000001
40500.0,E8,0.01875,MCH90,R4,37.166666666666664,0.6801000148057937,mCherry,9183.9,62.0
41400.0,E8,0.01875,MCH90,R4,37.36666666666667,0.6802099876105785,mCherry,9236.8,62.69999999999999
42300.0,E8,0.01875,MCH90,R4,37.13333333333333,0.6820199720561504,mCherry,9302.3,64.80000000000001
43200.0,E8,0.01875,MCH90,R4,37.26666666666667,0.6822000227868557,mCherry,9215.7,65.5
0.0,E9,0.01875,MCH10,R0.5,37.166666666666664,0.028809999674558634,mCherry,133.5,5.699999999999989
900.0,E9,0.01875,MCH10,R0.5,37.1,0.033370000869035715,mCherry,116.3,7.400000000000006
1800.0,E9,0.01875,MCH10,R0.5,37.300000000000004,0.04303000420331955,mCherry,111.3,6.800000000000011
2700.0,E9,0.01875,MCH10,R0.5,37.46666666666667,0.06269999593496323,mCherry,118.7,6.599999999999994
3600.0,E9,0.01875,MCH10,R0.5,37.06666666666667,0.09019999951124191,mCherry,128.2,8.199999999999989
4500.0,E9,0.01875,MCH10,R0.5,37.23333333333333,0.11927000135183334,mCherry,156.9,7.0
5400.0,E9,0.01875,MCH10,R0.5,37.0,0.14320999309420585,mCherry,217.2,9.5
6300.0,E9,0.01875,MCH10,R0.5,37.03333333333333,0.15687999948859216,mCherry,357.9,9.900000000000006
7200.0,E9,0.01875,MCH10,R0.5,37.1,0.16804999709129334,mCherry,617.5,9.599999999999994
8100.0,E9,0.01875,MCH10,R0.5,37.233333333333334,0.1793200097978115,mCherry,928.9,10.699999999999989
9000.0,E9,0.01875,MCH10,R0.5,37.26666666666667,0.19405000656843185,mCherry,1330.6,12.0
9900.0,E9,0.01875,MCH10,R0.5,37.166666666666664,0.20913999229669572,mCherry,1748.7,11.199999999999989
10800.0,E9,0.01875,MCH10,R0.5,37.1,0.2279999978840351,mCherry,2173.5,11.599999999999994
11700.0,E9,0.01875,MCH10,R0.5,37.13333333333333,0.250680011510849,mCherry,2574.6,11.099999999999994
12600.0,E9,0.01875,MCH10,R0.5,37.166666666666664,0.2770600110292435,mCherry,2933.9,11.599999999999994
13500.0,E9,0.01875,MCH10,R0.5,37.1,0.30714998543262484,mCherry,3232.9,10.099999999999994
14400.0,E9,0.01875,MCH10,R0.5,37.06666666666667,0.33633000403642654,mCherry,3484.6,10.800000000000011
15300.0,E9,0.01875,MCH10,R0.5,37.199999999999996,0.36619000136852264,mCherry,3665.8,14.300000000000011
16200.0,E9,0.01875,MCH10,R0.5,37.03333333333333,0.40210001170635223,mCherry,3814.3,13.300000000000011
17100.0,E9,0.01875,MCH10,R0.5,37.13333333333333,0.4443899966776371,mCherry,3902.1,14.900000000000006
18000.0,E9,0.01875,MCH10,R0.5,37.0,0.48970000371336936,mCherry,3959.5,20.599999999999994
18900.0,E9,0.01875,MCH10,R0.5,37.1,0.5322100229561328,mCherry,3950.5,26.0
19800.0,E9,0.01875,MCH10,R0.5,37.23333333333333,0.5689000241458416,mCherry,3924.3,31.099999999999994
20700.0,E9,0.01875,MCH10,R0.5,37.1,0.6178099982440471,mCherry,3917.0,33.69999999999999
21600.0,E9,0.01875,MCH10,R0.5,37.233333333333334,0.6415599979460239,mCherry,3925.2,32.599999999999994
22500.0,E9,0.01875,MCH10,R0.5,37.13333333333333,0.6581700086593628,mCherry,3915.8,35.599999999999994
23400.0,E9,0.01875,MCH10,R0.5,37.23333333333333,0.6760300174355507,mCherry,3964.2,41.099999999999994
24300.0,E9,0.01875,MCH10,R0.5,37.13333333333333,0.6937799908220768,mCherry,3990.6,42.400000000000006
25200.0,E9,0.01875,MCH10,R0.5,37.166666666666664,0.7083799950778484,mCherry,4004.6,46.099999999999994
26100.0,E9,0.01875,MCH10,R0.5,37.13333333333333,0.7218199871480465,mCherry,4004.3,50.30000000000001
27000.0,E9,0.01875,MCH10,R0.5,37.23333333333333,0.7355300135910511,mCherry,4030.3,51.69999999999999
27900.0,E9,0.01875,MCH10,R0.5,37.199999999999996,0.7477200277149677,mCherry,4015.5,54.099999999999994
28800.0,E9,0.01875,MCH10,R0.5,37.1,0.7566599704325199,mCherry,3988.3,57.30000000000001
29700.0,E9,0.01875,MCH10,R0.5,37.16666666666667,0.7662699811160565,mCherry,4026.5,59.099999999999994
30600.0,E9,0.01875,MCH10,R0.5,37.2,0.7775399811565876,mCherry,3990.1,61.69999999999999
31500.0,E9,0.01875,MCH10,R0.5,37.233333333333334,0.7853499911725521,mCherry,4036.9,66.19999999999999
32400.0,E9,0.01875,MCH10,R0.5,37.3,0.7925299935042858,mCherry,4066.4,67.19999999999999
33300.0,E9,0.01875,MCH10,R0.5,37.1,0.8002699762582779,mCherry,4108.4,73.5
34200.0,E9,0.01875,MCH10,R0.5,37.166666666666664,0.8044699914753437,mCherry,4114.3,72.5
35100.0,E9,0.01875,MCH10,R0.5,37.233333333333334,0.8099199764430522,mCherry,4169.0,73.6
36000.0,E9,0.01875,MCH10,R0.5,37.13333333333333,0.8141700088977813,mCherry,4202.2,74.4
36900.0,E9,0.01875,MCH10,R0.5,37.300000000000004,0.8180100083351135,mCherry,4247.0,81.69999999999999
37800.0,E9,0.01875,MCH10,R0.5,37.13333333333333,0.8235800012946128,mCherry,4266.7,78.9
38700.0,E9,0.01875,MCH10,R0.5,37.13333333333333,0.8342499732971191,mCherry,4282.4,85.69999999999999
39600.0,E9,0.01875,MCH10,R0.5,37.166666666666664,0.8381999805569649,mCherry,4284.4,86.30000000000001
40500.0,E9,0.01875,MCH10,R0.5,37.166666666666664,0.8379999905824661,mCherry,4294.9,89.0
41400.0,E9,0.01875,MCH10,R0.5,37.36666666666667,0.8355100087821483,mCherry,4298.8,92.69999999999999
42300.0,E9,0.01875,MCH10,R0.5,37.13333333333333,0.8331200115382671,mCherry,4281.3,95.80000000000001
43200.0,E9,0.01875,MCH10,R0.5,37.26666666666667,0.829899974912405,mCherry,4269.7,101.5
0.0,E10,0.01875,MCH50,R1,37.166666666666664,0.026609999686479563,mCherry,136.5,8.699999999999989
900.0,E10,0.01875,MCH50,R1,37.1,0.03056999817490577,mCherry,123.3,9.400000000000006
1800.0,E10,0.01875,MCH50,R1,37.300000000000004,0.040929998457431796,mCherry,119.3,8.800000000000011
2700.0,E10,0.01875,MCH50,R1,37.46666666666667,0.06040000170469284,mCherry,127.7,10.599999999999994
3600.0,E10,0.01875,MCH50,R1,37.06666666666667,0.09149999171495438,mCherry,145.2,9.199999999999989
4500.0,E10,0.01875,MCH50,R1,37.23333333333333,0.12817000299692155,mCherry,187.9,10.0
5400.0,E10,0.01875,MCH50,R1,37.0,0.16511000618338584,mCherry,298.2,9.5
6300.0,E10,0.01875,MCH50,R1,37.03333333333333,0.1888799898326397,mCherry,530.9,9.900000000000006
7200.0,E10,0.01875,MCH50,R1,37.1,0.21105000972747803,mCherry,990.5,9.599999999999994
8100.0,E10,0.01875,MCH50,R1,37.233333333333334,0.22821998819708825,mCherry,1675.9,9.699999999999989
9000.0,E10,0.01875,MCH50,R1,37.26666666666667,0.24665000289678574,mCherry,2566.6,11.0
9900.0,E10,0.01875,MCH50,R1,37.166666666666664,0.2643400028347969,mCherry,3561.7,11.199999999999989
10800.0,E10,0.01875,MCH50,R1,37.1,0.28320000842213633,mCherry,4541.5,9.599999999999994
11700.0,E10,0.01875,MCH50,R1,37.13333333333333,0.3033799946308136,mCherry,5519.6,9.099999999999994
12600.0,E10,0.01875,MCH50,R1,37.166666666666664,0.3235600084066391,mCherry,6406.9,9.599999999999994
13500.0,E10,0.01875,MCH50,R1,37.1,0.3456499963998795,mCherry,7197.9,10.099999999999994
14400.0,E10,0.01875,MCH50,R1,37.06666666666667,0.36883000284433365,mCherry,7927.6,7.800000000000011
15300.0,E10,0.01875,MCH50,R1,37.199999999999996,0.38889001309871674,mCherry,8498.8,6.300000000000011
16200.0,E10,0.01875,MCH50,R1,37.03333333333333,0.4123999923467636,mCherry,8932.3,6.300000000000011
17100.0,E10,0.01875,MCH50,R1,37.13333333333333,0.4408900119364262,mCherry,9328.1,6.900000000000006
18000.0,E10,0.01875,MCH50,R1,37.0,0.46939997300505637,mCherry,9602.5,7.599999999999994
18900.0,E10,0.01875,MCH50,R1,37.1,0.503110022097826,mCherry,9714.5,8.0
19800.0,E10,0.01875,MCH50,R1,37.23333333333333,0.5350000016391278,mCherry,9820.3,10.099999999999994
20700.0,E10,0.01875,MCH50,R1,37.1,0.5667099826037884,mCherry,9883.0,14.699999999999989
21600.0,E10,0.01875,MCH50,R1,37.233333333333334,0.5940599836409092,mCherry,9854.2,20.599999999999994
22500.0,E10,0.01875,MCH50,R1,37.13333333333333,0.6350699901580811,mCherry,9779.8,25.599999999999994
23400.0,E10,0.01875,MCH50,R1,37.23333333333333,0.6473300233483315,mCherry,9739.2,30.099999999999994
24300.0,E10,0.01875,MCH50,R1,37.13333333333333,0.656379983574152,mCherry,9841.6,27.400000000000006
25200.0,E10,0.01875,MCH50,R1,37.166666666666664,0.6666799895465374,mCherry,9914.6,32.099999999999994
26100.0,E10,0.01875,MCH50,R1,37.13333333333333,0.6795200012624264,mCherry,9936.3,35.30000000000001
27000.0,E10,0.01875,MCH50,R1,37.23333333333333,0.6904299803078174,mCherry,9954.3,36.69999999999999
27900.0,E10,0.01875,MCH50,R1,37.199999999999996,0.7000199802219867,mCherry,9889.5,39.099999999999994
28800.0,E10,0.01875,MCH50,R1,37.1,0.7080600120127201,mCherry,9931.3,40.30000000000001
29700.0,E10,0.01875,MCH50,R1,37.16666666666667,0.7164700023829937,mCherry,9877.5,47.099999999999994
30600.0,E10,0.01875,MCH50,R1,37.2,0.7231400139629841,mCherry,9871.1,48.69999999999999
31500.0,E10,0.01875,MCH50,R1,37.233333333333334,0.7287500165402889,mCherry,9856.9,52.19999999999999
32400.0,E10,0.01875,MCH50,R1,37.3,0.7342299751937389,mCherry,9872.4,52.19999999999999
33300.0,E10,0.01875,MCH50,R1,37.1,0.7382699996232986,mCherry,9870.4,55.5
34200.0,E10,0.01875,MCH50,R1,37.166666666666664,0.7428700216114521,mCherry,9865.3,59.5
35100.0,E10,0.01875,MCH50,R1,37.233333333333334,0.7494200102984905,mCherry,9999.0,58.599999999999994
36000.0,E10,0.01875,MCH50,R1,37.13333333333333,0.7521699726581573,mCherry,9978.2,62.400000000000006
36900.0,E10,0.01875,MCH50,R1,37.300000000000004,0.7556100249290466,mCherry,10111.0,66.69999999999999
37800.0,E10,0.01875,MCH50,R1,37.13333333333333,0.7600800141692161,mCherry,10089.7,63.900000000000006
38700.0,E10,0.01875,MCH50,R1,37.13333333333333,0.7650499939918518,mCherry,10173.4,70.69999999999999
39600.0,E10,0.01875,MCH50,R1,37.166666666666664,0.7674999907612801,mCherry,10171.4,67.30000000000001
40500.0,E10,0.01875,MCH50,R1,37.166666666666664,0.7742000132799148,mCherry,10152.9,73.0
41400.0,E10,0.01875,MCH50,R1,37.36666666666667,0.7777100138366222,mCherry,10284.8,73.69999999999999
42300.0,E10,0.01875,MCH50,R1,37.13333333333333,0.7779199711978435,mCherry,10301.3,75.80000000000001
43200.0,E10,0.01875,MCH50,R1,37.26666666666667,0.7752000175416469,mCherry,10283.7,79.5
0.0,E11,0.01875,GFP50,R0.5,37.166666666666664,0.02590999528765678,GFP,0.5,1145.7
900.0,E11,0.01875,GFP50,R0.5,37.1,0.032570002228021616,GFP,-0.6999999999999993,1047.4
1800.0,E11,0.01875,GFP50,R0.5,37.300000000000004,0.044830004870891574,GFP,0.3000000000000007,1112.8
2700.0,E11,0.01875,GFP50,R0.5,37.46666666666667,0.06390000134706497,GFP,-3.3000000000000007,1341.6
3600.0,E11,0.01875,GFP50,R0.5,37.06666666666667,0.08799999207258224,GFP,1.1999999999999993,1980.2
4500.0,E11,0.01875,GFP50,R0.5,37.23333333333333,0.1124700054526329,GFP,-0.09999999999999964,3183.0
5400.0,E11,0.01875,GFP50,R0.5,37.0,0.13730999752879142,GFP,1.1999999999999993,5203.5
6300.0,E11,0.01875,GFP50,R0.5,37.03333333333333,0.16098000928759576,GFP,-0.09999999999999964,7765.9
7200.0,E11,0.01875,GFP50,R0.5,37.1,0.1863499939441681,GFP,-0.5,10416.6
8100.0,E11,0.01875,GFP50,R0.5,37.233333333333334,0.2084200106561184,GFP,-0.09999999999999964,12936.7
9000.0,E11,0.01875,GFP50,R0.5,37.26666666666667,0.23445000499486923,GFP,1.5999999999999996,15445.0
9900.0,E11,0.01875,GFP50,R0.5,37.166666666666664,0.2624399855732918,GFP,0.6999999999999993,17615.2
10800.0,E11,0.01875,GFP50,R0.5,37.1,0.2929000087082386,GFP,0.5,19859.6
11700.0,E11,0.01875,GFP50,R0.5,37.13333333333333,0.3300800144672394,GFP,0.5999999999999996,21444.1
12600.0,E11,0.01875,GFP50,R0.5,37.166666666666664,0.37166000306606295,GFP,-2.0999999999999996,23159.6
13500.0,E11,0.01875,GFP50,R0.5,37.1,0.417150029540062,GFP,1.9000000000000004,24038.1
14400.0,E11,0.01875,GFP50,R0.5,37.06666666666667,0.45913002640008926,GFP,0.5999999999999996,24575.8
15300.0,E11,0.01875,GFP50,R0.5,37.199999999999996,0.4917900115251541,GFP,1.8000000000000007,24888.3
16200.0,E11,0.01875,GFP50,R0.5,37.03333333333333,0.5188000053167343,GFP,0.3000000000000007,25216.3
17100.0,E11,0.01875,GFP50,R0.5,37.13333333333333,0.5428900100290776,GFP,2.0999999999999996,24822.9
18000.0,E11,0.01875,GFP50,R0.5,37.0,0.5617999874055386,GFP,-0.5,24616.6
18900.0,E11,0.01875,GFP50,R0.5,37.1,0.5845099993050098,GFP,0.5,24217.0
19800.0,E11,0.01875,GFP50,R0.5,37.23333333333333,0.6177000157535076,GFP,1.3000000000000007,23886.1
20700.0,E11,0.01875,GFP50,R0.5,37.1,0.6375099889934063,GFP,1.0,23684.7
21600.0,E11,0.01875,GFP50,R0.5,37.233333333333334,0.6575600303709507,GFP,0.1999999999999993,23362.6
22500.0,E11,0.01875,GFP50,R0.5,37.13333333333333,0.676669979095459,GFP,-0.1999999999999993,23258.6
23400.0,E11,0.01875,GFP50,R0.5,37.23333333333333,0.6959299817681313,GFP,2.1999999999999993,23057.1
24300.0,E11,0.01875,GFP50,R0.5,37.13333333333333,0.7130799748003482,GFP,1.5999999999999996,23138.4
25200.0,E11,0.01875,GFP50,R0.5,37.166666666666664,0.7257800213992596,GFP,1.5999999999999996,22873.1
26100.0,E11,0.01875,GFP50,R0.5,37.13333333333333,0.7399200104176998,GFP,2.3000000000000007,22997.3
27000.0,E11,0.01875,GFP50,R0.5,37.23333333333333,0.7511299796402454,GFP,1.3000000000000007,22877.7
27900.0,E11,0.01875,GFP50,R0.5,37.199999999999996,0.7635200269520283,GFP,1.5,22767.1
28800.0,E11,0.01875,GFP50,R0.5,37.1,0.7721599794924259,GFP,2.3000000000000007,22862.3
29700.0,E11,0.01875,GFP50,R0.5,37.16666666666667,0.7822700135409832,GFP,3.5,22705.1
30600.0,E11,0.01875,GFP50,R0.5,37.2,0.7924400098621845,GFP,4.1,22562.7
31500.0,E11,0.01875,GFP50,R0.5,37.233333333333334,0.801950003951788,GFP,4.9,22527.2
32400.0,E11,0.01875,GFP50,R0.5,37.3,0.8064299754798412,GFP,2.4000000000000004,22468.2
33300.0,E11,0.01875,GFP50,R0.5,37.1,0.809269979596138,GFP,3.4000000000000004,22157.5
34200.0,E11,0.01875,GFP50,R0.5,37.166666666666664,0.8131700046360493,GFP,3.3000000000000007,22147.5
35100.0,E11,0.01875,GFP50,R0.5,37.233333333333334,0.8167199723422527,GFP,2.0,21956.6
36000.0,E11,0.01875,GFP50,R0.5,37.13333333333333,0.8189699709415436,GFP,3.1999999999999993,21949.4
36900.0,E11,0.01875,GFP50,R0.5,37.300000000000004,0.8215099930763244,GFP,3.0,21906.7
37800.0,E11,0.01875,GFP50,R0.5,37.13333333333333,0.8231799945235252,GFP,3.6999999999999993,21708.9
38700.0,E11,0.01875,GFP50,R0.5,37.13333333333333,0.8232499957084656,GFP,2.4000000000000004,21867.7
39600.0,E11,0.01875,GFP50,R0.5,37.166666666666664,0.822300024330616,GFP,6.4,21633.3
40500.0,E11,0.01875,GFP50,R0.5,37.166666666666664,0.8225999981164932,GFP,3.9000000000000004,21661.0
41400.0,E11,0.01875,GFP50,R0.5,37.36666666666667,0.8223100237548351,GFP,5.800000000000001,21648.7
42300.0,E11,0.01875,GFP50,R0.5,37.13333333333333,0.8236199848353862,GFP,4.300000000000001,21489.8
43200.0,E11,0.01875,GFP50,R0.5,37.26666666666667,0.8280000172555446,GFP,1.6999999999999993,21401.5
0.0,F2,0.01875,GFP90,R0.5,37.166666666666664,0.02480999901890754,GFP,-0.5,857.7
900.0,F2,0.01875,GFP90,R0.5,37.1,0.03186999782919883,GFP,0.3000000000000007,825.4
1800.0,F2,0.01875,GFP90,R0.5,37.300000000000004,0.043429996073246005,GFP,-0.6999999999999993,860.8
2700.0,F2,0.01875,GFP90,R0.5,37.46666666666667,0.0625000074505806,GFP,-2.3000000000000007,1014.6
3600.0,F2,0.01875,GFP90,R0.5,37.06666666666667,0.08839999884366989,GFP,0.1999999999999993,1445.2
4500.0,F2,0.01875,GFP90,R0.5,37.23333333333333,0.1189699962735176,GFP,-0.09999999999999964,2351.0
5400.0,F2,0.01875,GFP90,R0.5,37.0,0.15380999371409415,GFP,-0.8000000000000007,4088.5
6300.0,F2,0.01875,GFP90,R0.5,37.03333333333333,0.188780003041029,GFP,-0.09999999999999964,6730.9
7200.0,F2,0.01875,GFP90,R0.5,37.1,0.2204499900341034,GFP,1.5,10292.6
8100.0,F2,0.01875,GFP90,R0.5,37.233333333333334,0.2509199999272823,GFP,-0.09999999999999964,14036.7
9000.0,F2,0.01875,GFP90,R0.5,37.26666666666667,0.28315000981092453,GFP,-0.40000000000000036,17874.0
9900.0,F2,0.01875,GFP90,R0.5,37.166666666666664,0.31414001137018205,GFP,-0.3000000000000007,21209.2
10800.0,F2,0.01875,GFP90,R0.5,37.1,0.34509999826550486,GFP,0.5,24565.6
11700.0,F2,0.01875,GFP90,R0.5,37.13333333333333,0.3787799894809723,GFP,-1.4000000000000004,27125.1
12600.0,F2,0.01875,GFP90,R0.5,37.166666666666664,0.41125998795032503,GFP,-1.0999999999999996,29970.6
13500.0,F2,0.01875,GFP90,R0.5,37.1,0.4481499880552292,GFP,-0.09999999999999964,31909.1
14400.0,F2,0.01875,GFP90,R0.5,37.06666666666667,0.4836299791932106,GFP,-1.4000000000000004,33113.8
15300.0,F2,0.01875,GFP90,R0.5,37.199999999999996,0.5131899863481522,GFP,-2.1999999999999993,33888.3
16200.0,F2,0.01875,GFP90,R0.5,37.03333333333333,0.5430999845266342,GFP,0.3000000000000007,35122.3
17100.0,F2,0.01875,GFP90,R0.5,37.13333333333333,0.5724899746477604,GFP,0.09999999999999964,35909.9
18000.0,F2,0.01875,GFP90,R0.5,37.0,0.5948999963700772,GFP,0.5,36444.6
18900.0,F2,0.01875,GFP90,R0.5,37.1,0.6093100018799305,GFP,2.5,36239.0
19800.0,F2,0.01875,GFP90,R0.5,37.23333333333333,0.6252000086009503,GFP,0.3000000000000007,35895.1
20700.0,F2,0.01875,GFP90,R0.5,37.1,0.6578100197017193,GFP,1.0,35535.7
21600.0,F2,0.01875,GFP90,R0.5,37.233333333333334,0.6739600099623203,GFP,0.1999999999999993,34840.6
22500.0,F2,0.01875,GFP90,R0.5,37.13333333333333,0.6810699939727783,GFP,0.8000000000000007,34734.6
23400.0,F2,0.01875,GFP90,R0.5,37.23333333333333,0.6899299994111061,GFP,3.1999999999999993,34255.1
24300.0,F2,0.01875,GFP90,R0.5,37.13333333333333,0.7056799985468387,GFP,0.5999999999999996,34367.4
25200.0,F2,0.01875,GFP90,R0.5,37.166666666666664,0.7207800261676311,GFP,1.5999999999999996,34082.1
26100.0,F2,0.01875,GFP90,R0.5,37.13333333333333,0.734019985049963,GFP,0.3000000000000007,34341.3
27000.0,F2,0.01875,GFP90,R0.5,37.23333333333333,0.7483299918472767,GFP,-0.6999999999999993,34096.7
27900.0,F2,0.01875,GFP90,R0.5,37.199999999999996,0.7614199765026569,GFP,-0.5,33852.1
28800.0,F2,0.01875,GFP90,R0.5,37.1,0.772259996086359,GFP,1.3000000000000007,33887.3
29700.0,F2,0.01875,GFP90,R0.5,37.16666666666667,0.7826700203120709,GFP,2.5,33764.1
30600.0,F2,0.01875,GFP90,R0.5,37.2,0.7896400220692158,GFP,2.0999999999999996,33307.7
31500.0,F2,0.01875,GFP90,R0.5,37.233333333333334,0.7856499813497066,GFP,3.9000000000000004,33329.2
32400.0,F2,0.01875,GFP90,R0.5,37.3,0.7841299705207347,GFP,3.4000000000000004,32938.2
33300.0,F2,0.01875,GFP90,R0.5,37.1,0.7839700132608414,GFP,2.4000000000000004,32539.5
34200.0,F2,0.01875,GFP90,R0.5,37.166666666666664,0.7851700074970722,GFP,2.3000000000000007,32484.5
35100.0,F2,0.01875,GFP90,R0.5,37.233333333333334,0.7893200151622295,GFP,6.0,32146.6
36000.0,F2,0.01875,GFP90,R0.5,37.13333333333333,0.7903699934482574,GFP,3.1999999999999993,32238.4
36900.0,F2,0.01875,GFP90,R0.5,37.300000000000004,0.7935099959373474,GFP,4.0,32015.7
37800.0,F2,0.01875,GFP90,R0.5,37.13333333333333,0.8030799970030784,GFP,1.6999999999999993,31608.9
38700.0,F2,0.01875,GFP90,R0.5,37.13333333333333,0.8097500205039978,GFP,3.4000000000000004,31927.7
39600.0,F2,0.01875,GFP90,R0.5,37.166666666666664,0.8125000074505806,GFP,2.4000000000000004,31620.3
40500.0,F2,0.01875,GFP90,R0.5,37.166666666666664,0.8123999744653702,GFP,4.9,31765.0
41400.0,F2,0.01875,GFP90,R0.5,37.36666666666667,0.81030999943614,GFP,2.8000000000000007,31838.7
42300.0,F2,0.01875,GFP90,R0.5,37.13333333333333,0.8107199899852275,GFP,4.300000000000001,31752.8
43200.0,F2,0.01875,GFP90,R0.5,37.26666666666667,0.8098999939858913,GFP,0.6999999999999993,31534.5
0.0,F3,0.01875,GFP25,R0.5,37.166666666666664,0.030409996956586832,GFP,-0.5,438.7
900.0,F3,0.01875,GFP25,R0.5,37.1,0.03547000661492347,GFP,1.3000000000000007,404.4
1800.0,F3,0.01875,GFP25,R0.5,37.300000000000004,0.049130003154277804,GFP,-0.6999999999999993,422.8
2700.0,F3,0.01875,GFP25,R0.5,37.46666666666667,0.0721999928355217,GFP,-0.3000000000000007,520.6
3600.0,F3,0.01875,GFP25,R0.5,37.06666666666667,0.10329999774694443,GFP,-1.8000000000000007,790.2
4500.0,F3,0.01875,GFP25,R0.5,37.23333333333333,0.13777000159025193,GFP,-0.09999999999999964,1269.0
5400.0,F3,0.01875,GFP25,R0.5,37.0,0.17560999020934104,GFP,0.1999999999999993,2026.5
6300.0,F3,0.01875,GFP25,R0.5,37.03333333333333,0.21268000528216363,GFP,0.9000000000000004,2891.9
7200.0,F3,0.01875,GFP25,R0.5,37.1,0.2610499918460846,GFP,-0.5,3898.6
8100.0,F3,0.01875,GFP25,R0.5,37.233333333333334,0.31681999787688253,GFP,-1.0999999999999996,4800.7
9000.0,F3,0.01875,GFP25,R0.5,37.26666666666667,0.3788500055670738,GFP,0.5999999999999996,5599.0
9900.0,F3,0.01875,GFP25,R0.5,37.166666666666664,0.4238399758934975,GFP,-1.3000000000000007,6195.2
10800.0,F3,0.01875,GFP25,R0.5,37.1,0.47180001214146616,GFP,-0.5,6768.6
11700.0,F3,0.01875,GFP25,R0.5,37.13333333333333,0.5240799903869628,GFP,-0.40000000000000036,7223.1
12600.0,F3,0.01875,GFP25,R0.5,37.166666666666664,0.5722600013017655,GFP,0.9000000000000004,7623.6
13500.0,F3,0.01875,GFP25,R0.5,37.1,0.6156500071287155,GFP,0.9000000000000004,7887.1
14400.0,F3,0.01875,GFP25,R0.5,37.06666666666667,0.6609300151467323,GFP,0.5999999999999996,8257.8
15300.0,F3,0.01875,GFP25,R0.5,37.199999999999996,0.6939900070428848,GFP,-0.1999999999999993,8309.3
16200.0,F3,0.01875,GFP25,R0.5,37.03333333333333,0.7207000106573105,GFP,0.3000000000000007,8430.3
17100.0,F3,0.01875,GFP25,R0.5,37.13333333333333,0.7459899760782719,GFP,1.0999999999999996,8418.9
18000.0,F3,0.01875,GFP25,R0.5,37.0,0.7674000106751919,GFP,0.5,8527.6
18900.0,F3,0.01875,GFP25,R0.5,37.1,0.7817099995911121,GFP,0.5,8543.0
19800.0,F3,0.01875,GFP25,R0.5,37.23333333333333,0.7977999798953533,GFP,0.3000000000000007,8539.1
20700.0,F3,0.01875,GFP25,R0.5,37.1,0.8113099806010723,GFP,2.0,8608.7
21600.0,F3,0.01875,GFP25,R0.5,37.233333333333334,0.8231599725782871,GFP,2.1999999999999993,8578.6
22500.0,F3,0.01875,GFP25,R0.5,37.13333333333333,0.8352700114250183,GFP,1.8000000000000007,8675.6
23400.0,F3,0.01875,GFP25,R0.5,37.23333333333333,0.8481300249695778,GFP,1.1999999999999993,8641.1
24300.0,F3,0.01875,GFP25,R0.5,37.13333333333333,0.8604799963533878,GFP,1.5999999999999996,8687.4
25200.0,F3,0.01875,GFP25,R0.5,37.166666666666664,0.8690800182521343,GFP,3.5999999999999996,8677.1
26100.0,F3,0.01875,GFP25,R0.5,37.13333333333333,0.877520015090704,GFP,3.3000000000000007,8730.3
27000.0,F3,0.01875,GFP25,R0.5,37.23333333333333,0.8868300266563892,GFP,-0.6999999999999993,8698.7
27900.0,F3,0.01875,GFP25,R0.5,37.199999999999996,0.8952200062572956,GFP,2.5,8631.1
28800.0,F3,0.01875,GFP25,R0.5,37.1,0.9005600072443485,GFP,3.3000000000000007,8720.3
29700.0,F3,0.01875,GFP25,R0.5,37.16666666666667,0.905269979685545,GFP,4.5,8664.1
30600.0,F3,0.01875,GFP25,R0.5,37.2,0.9111400373280049,GFP,5.1,8580.7
31500.0,F3,0.01875,GFP25,R0.5,37.233333333333334,0.9219500087201595,GFP,3.9000000000000004,8564.2
32400.0,F3,0.01875,GFP25,R0.5,37.3,0.9292300276458263,GFP,2.4000000000000004,8529.2
33300.0,F3,0.01875,GFP25,R0.5,37.1,0.9303699880838394,GFP,4.4,8488.5
34200.0,F3,0.01875,GFP25,R0.5,37.166666666666664,0.9321699626743793,GFP,3.3000000000000007,8513.5
35100.0,F3,0.01875,GFP25,R0.5,37.233333333333334,0.9321200482547283,GFP,5.0,8441.6
36000.0,F3,0.01875,GFP25,R0.5,37.13333333333333,0.9306699693202972,GFP,2.1999999999999993,8464.4
36900.0,F3,0.01875,GFP25,R0.5,37.300000000000004,0.9303099870681762,GFP,3.0,8384.7
37800.0,F3,0.01875,GFP25,R0.5,37.13333333333333,0.9297800406813621,GFP,1.6999999999999993,8325.9
38700.0,F3,0.01875,GFP25,R0.5,37.13333333333333,0.9287499785423279,GFP,1.4000000000000004,8321.7
39600.0,F3,0.01875,GFP25,R0.5,37.166666666666664,0.9291000440716743,GFP,4.4,8256.3
40500.0,F3,0.01875,GFP25,R0.5,37.166666666666664,0.9270000368356704,GFP,4.9,8215.0
41400.0,F3,0.01875,GFP25,R0.5,37.36666666666667,0.9248100452125072,GFP,2.8000000000000007,8160.7
42300.0,F3,0.01875,GFP25,R0.5,37.13333333333333,0.9244199626147747,GFP,2.3000000000000007,8140.8
43200.0,F3,0.01875,GFP25,R0.5,37.26666666666667,0.9232000194489955,GFP,4.699999999999999,8118.5
0.0,F4,0.01875,MCH90,R1,37.166666666666664,0.02130999937653541,mCherry,22.5,-4.300000000000011
900.0,F4,0.01875,MCH90,R1,37.1,0.025970002263784403,mCherry,22.3,-2.5999999999999943
1800.0,F4,0.01875,MCH90,R1,37.300000000000004,0.03523000627756119,mCherry,23.3,-1.1999999999999886
2700.0,F4,0.01875,MCH90,R1,37.46666666666667,0.05420000106096268,mCherry,24.7,-2.4000000000000057
3600.0,F4,0.01875,MCH90,R1,37.06666666666667,0.08639999479055405,mCherry,25.2,0.19999999999998863
4500.0,F4,0.01875,MCH90,R1,37.23333333333333,0.12987000197172166,mCherry,32.9,5.0
5400.0,F4,0.01875,MCH90,R1,37.0,0.1801099918782711,mCherry,41.2,2.5
6300.0,F4,0.01875,MCH90,R1,37.03333333333333,0.2317799858748913,mCherry,58.9,4.900000000000006
7200.0,F4,0.01875,MCH90,R1,37.1,0.2951499879360199,mCherry,95.5,4.599999999999994
8100.0,F4,0.01875,MCH90,R1,37.233333333333334,0.35271999463438986,mCherry,168.9,9.699999999999989
9000.0,F4,0.01875,MCH90,R1,37.26666666666667,0.39355000108480453,mCherry,319.6,9.0
9900.0,F4,0.01875,MCH90,R1,37.166666666666664,0.4224399819970131,mCherry,576.7,10.199999999999989
10800.0,F4,0.01875,MCH90,R1,37.1,0.4481999702751637,mCherry,951.5,11.599999999999994
11700.0,F4,0.01875,MCH90,R1,37.13333333333333,0.4714800238609314,mCherry,1413.6,16.099999999999994
12600.0,F4,0.01875,MCH90,R1,37.166666666666664,0.4937600284814835,mCherry,1995.9,15.599999999999994
13500.0,F4,0.01875,MCH90,R1,37.1,0.5116499751806259,mCherry,2635.9,18.099999999999994
14400.0,F4,0.01875,MCH90,R1,37.06666666666667,0.5318299904465675,mCherry,3342.6,25.80000000000001
15300.0,F4,0.01875,MCH90,R1,37.199999999999996,0.5513900071382523,mCherry,4170.8,21.30000000000001
16200.0,F4,0.01875,MCH90,R1,37.03333333333333,0.5710999816656113,mCherry,5059.3,22.30000000000001
17100.0,F4,0.01875,MCH90,R1,37.13333333333333,0.5907899715006352,mCherry,6061.1,22.900000000000006
18000.0,F4,0.01875,MCH90,R1,37.0,0.606100007146597,mCherry,7083.5,23.599999999999994
18900.0,F4,0.01875,MCH90,R1,37.1,0.6151100106537342,mCherry,8089.5,23.0
19800.0,F4,0.01875,MCH90,R1,37.23333333333333,0.6248000018298626,mCherry,9043.3,26.099999999999994
20700.0,F4,0.01875,MCH90,R1,37.1,0.6313099734485149,mCherry,9713.0,28.69999999999999
21600.0,F4,0.01875,MCH90,R1,37.233333333333334,0.6394600071012974,mCherry,10319.2,25.599999999999994
22500.0,F4,0.01875,MCH90,R1,37.13333333333333,0.6464699745178223,mCherry,10771.8,31.599999999999994
23400.0,F4,0.01875,MCH90,R1,37.23333333333333,0.6538300290703773,mCherry,11041.2,31.099999999999994
24300.0,F4,0.01875,MCH90,R1,37.13333333333333,0.6616800285875797,mCherry,11353.6,30.400000000000006
25200.0,F4,0.01875,MCH90,R1,37.166666666666664,0.6681800000369549,mCherry,11528.6,33.099999999999994
26100.0,F4,0.01875,MCH90,R1,37.13333333333333,0.672720005363226,mCherry,11796.3,37.30000000000001
27000.0,F4,0.01875,MCH90,R1,37.23333333333333,0.6767299719154835,mCherry,11994.3,38.69999999999999
27900.0,F4,0.01875,MCH90,R1,37.199999999999996,0.6832199938595295,mCherry,12042.5,35.099999999999994
28800.0,F4,0.01875,MCH90,R1,37.1,0.6852599836885929,mCherry,12237.3,43.30000000000001
29700.0,F4,0.01875,MCH90,R1,37.16666666666667,0.6890699855983258,mCherry,12360.5,41.099999999999994
30600.0,F4,0.01875,MCH90,R1,37.2,0.693839979916811,mCherry,12445.1,39.69999999999999
31500.0,F4,0.01875,MCH90,R1,37.233333333333334,0.6952500008046627,mCherry,12581.9,44.19999999999999
32400.0,F4,0.01875,MCH90,R1,37.3,0.6996300153434276,mCherry,12670.4,45.19999999999999
33300.0,F4,0.01875,MCH90,R1,37.1,0.7041700035333633,mCherry,12689.4,50.5
34200.0,F4,0.01875,MCH90,R1,37.166666666666664,0.7102699764072895,mCherry,12867.3,44.5
35100.0,F4,0.01875,MCH90,R1,37.233333333333334,0.7173199884593486,mCherry,12977.0,45.599999999999994
36000.0,F4,0.01875,MCH90,R1,37.13333333333333,0.7187699735164642,mCherry,12962.2,52.400000000000006
36900.0,F4,0.01875,MCH90,R1,37.300000000000004,0.7219099760055542,mCherry,13057.0,50.69999999999999
37800.0,F4,0.01875,MCH90,R1,37.13333333333333,0.7252800211310386,mCherry,13072.7,51.900000000000006
38700.0,F4,0.01875,MCH90,R1,37.13333333333333,0.7282500267028809,mCherry,13168.4,53.69999999999999
39600.0,F4,0.01875,MCH90,R1,37.166666666666664,0.7295000031590462,mCherry,13274.4,53.30000000000001
40500.0,F4,0.01875,MCH90,R1,37.166666666666664,0.7311999708414078,mCherry,13337.9,55.0
41400.0,F4,0.01875,MCH90,R1,37.36666666666667,0.7333099775016307,mCherry,13262.8,56.69999999999999
42300.0,F4,0.01875,MCH90,R1,37.13333333333333,0.735420011729002,mCherry,13322.3,58.80000000000001
43200.0,F4,0.01875,MCH90,R1,37.26666666666667,0.7382000170648098,mCherry,13321.7,59.5
0.0,F5,0.01875,MCH50,R2,37.166666666666664,0.024609995633363718,mCherry,122.5,0.6999999999999886
900.0,F5,0.01875,MCH50,R2,37.1,0.029870001226663584,mCherry,109.3,-0.5999999999999943
1800.0,F5,0.01875,MCH50,R2,37.300000000000004,0.03902999609708786,mCherry,105.3,-0.19999999999998863
2700.0,F5,0.01875,MCH50,R2,37.46666666666667,0.05780000239610672,mCherry,111.7,4.599999999999994
3600.0,F5,0.01875,MCH50,R2,37.06666666666667,0.08799999207258224,mCherry,134.2,6.199999999999989
4500.0,F5,0.01875,MCH50,R2,37.23333333333333,0.1245700016617775,mCherry,157.9,7.0
5400.0,F5,0.01875,MCH50,R2,37.0,0.16570998653769492,mCherry,231.2,7.5
6300.0,F5,0.01875,MCH50,R2,37.03333333333333,0.1945800118148327,mCherry,389.9,6.900000000000006
7200.0,F5,0.01875,MCH50,R2,37.1,0.2189500093460083,mCherry,745.5,6.599999999999994
8100.0,F5,0.01875,MCH50,R2,37.233333333333334,0.23892000541090966,mCherry,1338.9,5.699999999999989
9000.0,F5,0.01875,MCH50,R2,37.26666666666667,0.2567500099539757,mCherry,2167.6,9.0
9900.0,F5,0.01875,MCH50,R2,37.166666666666664,0.2749400034546852,mCherry,3128.7,7.199999999999989
10800.0,F5,0.01875,MCH50,R2,37.1,0.29470000937581065,mCherry,4163.5,9.599999999999994
11700.0,F5,0.01875,MCH50,R2,37.13333333333333,0.31658000946044923,mCherry,5202.6,8.099999999999994
12600.0,F5,0.01875,MCH50,R2,37.166666666666664,0.33905998766422274,mCherry,6163.9,6.599999999999994
13500.0,F5,0.01875,MCH50,R2,37.1,0.35694999396800997,mCherry,7048.9,5.099999999999994
14400.0,F5,0.01875,MCH50,R2,37.06666666666667,0.37713000923395157,mCherry,7821.6,4.800000000000011
15300.0,F5,0.01875,MCH50,R2,37.199999999999996,0.3972900062799454,mCherry,8412.8,4.300000000000011
16200.0,F5,0.01875,MCH50,R2,37.03333333333333,0.42160002887248993,mCherry,8935.3,5.300000000000011
17100.0,F5,0.01875,MCH50,R2,37.13333333333333,0.4476900078356266,mCherry,9210.1,7.900000000000006
18000.0,F5,0.01875,MCH50,R2,37.0,0.4770999990403652,mCherry,9512.5,5.599999999999994
18900.0,F5,0.01875,MCH50,R2,37.1,0.5065099902451038,mCherry,9643.5,5.0
19800.0,F5,0.01875,MCH50,R2,37.23333333333333,0.538099979609251,mCherry,9797.3,9.099999999999994
20700.0,F5,0.01875,MCH50,R2,37.1,0.5675099961459636,mCherry,9802.0,14.699999999999989
21600.0,F5,0.01875,MCH50,R2,37.233333333333334,0.5957600273191929,mCherry,9745.2,20.599999999999994
22500.0,F5,0.01875,MCH50,R2,37.13333333333333,0.6328699827194214,mCherry,9705.8,24.599999999999994
23400.0,F5,0.01875,MCH50,R2,37.23333333333333,0.6486300006508827,mCherry,9741.2,30.099999999999994
24300.0,F5,0.01875,MCH50,R2,37.13333333333333,0.6566799737513065,mCherry,9926.6,25.400000000000006
25200.0,F5,0.01875,MCH50,R2,37.166666666666664,0.6676799766719341,mCherry,10040.6,27.099999999999994
26100.0,F5,0.01875,MCH50,R2,37.13333333333333,0.6825200222432614,mCherry,10087.3,29.30000000000001
27000.0,F5,0.01875,MCH50,R2,37.23333333333333,0.6944299884140491,mCherry,10159.3,32.69999999999999
27900.0,F5,0.01875,MCH50,R2,37.199999999999996,0.7078200228512287,mCherry,10240.5,34.099999999999994
28800.0,F5,0.01875,MCH50,R2,37.1,0.7198600031435489,mCherry,10261.3,36.30000000000001
29700.0,F5,0.01875,MCH50,R2,37.16666666666667,0.731469988077879,mCherry,10203.5,43.099999999999994
30600.0,F5,0.01875,MCH50,R2,37.2,0.742039991170168,mCherry,10265.1,40.69999999999999
31500.0,F5,0.01875,MCH50,R2,37.233333333333334,0.7490499876439571,mCherry,10225.9,45.19999999999999
32400.0,F5,0.01875,MCH50,R2,37.3,0.7596300177276134,mCherry,10202.4,44.19999999999999
33300.0,F5,0.01875,MCH50,R2,37.1,0.7660700231790543,mCherry,10263.4,48.5
34200.0,F5,0.01875,MCH50,R2,37.166666666666664,0.7731699831783772,mCherry,10362.3,50.5
35100.0,F5,0.01875,MCH50,R2,37.233333333333334,0.7792200081050396,mCherry,10360.0,52.599999999999994
36000.0,F5,0.01875,MCH50,R2,37.13333333333333,0.7832700073719024,mCherry,10407.2,57.400000000000006
36900.0,F5,0.01875,MCH50,R2,37.300000000000004,0.7864100098609924,mCherry,10487.0,56.69999999999999
37800.0,F5,0.01875,MCH50,R2,37.13333333333333,0.7898800119757652,mCherry,10542.7,57.900000000000006
38700.0,F5,0.01875,MCH50,R2,37.13333333333333,0.7918500304222107,mCherry,10616.4,62.69999999999999
39600.0,F5,0.01875,MCH50,R2,37.166666666666664,0.800199992954731,mCherry,10589.4,61.30000000000001
40500.0,F5,0.01875,MCH50,R2,37.166666666666664,0.805900028347969,mCherry,10631.9,65.0
41400.0,F5,0.01875,MCH50,R2,37.36666666666667,0.8040100269019603,mCherry,10595.8,69.69999999999999
42300.0,F5,0.01875,MCH50,R2,37.13333333333333,0.8029200069606304,mCherry,10656.3,71.80000000000001
43200.0,F5,0.01875,MCH50,R2,37.26666666666667,0.800199993699789,mCherry,10619.7,72.5
0.0,F6,0.01875,GFP50,R0.25,37.166666666666664,0.025410001724958414,GFP,-1.5,768.7
900.0,F6,0.01875,GFP50,R0.25,37.1,0.03096999749541282,GFP,1.3000000000000007,738.4
1800.0,F6,0.01875,GFP50,R0.25,37.300000000000004,0.04152999371290207,GFP,1.3000000000000007,759.8
2700.0,F6,0.01875,GFP50,R0.25,37.46666666666667,0.06079999357461929,GFP,-1.3000000000000007,907.6
3600.0,F6,0.01875,GFP50,R0.25,37.06666666666667,0.08719999343156815,GFP,1.1999999999999993,1386.2
4500.0,F6,0.01875,GFP50,R0.25,37.23333333333333,0.11536999493837356,GFP,-2.0999999999999996,2417.0
5400.0,F6,0.01875,GFP50,R0.25,37.0,0.14481000527739524,GFP,0.1999999999999993,4332.5
6300.0,F6,0.01875,GFP50,R0.25,37.03333333333333,0.175079994648695,GFP,-0.09999999999999964,6894.9
7200.0,F6,0.01875,GFP50,R0.25,37.1,0.20565000772476197,GFP,-1.5,9850.6
8100.0,F6,0.01875,GFP50,R0.25,37.233333333333334,0.23161998614668847,GFP,0.9000000000000004,12826.7
9000.0,F6,0.01875,GFP50,R0.25,37.26666666666667,0.2592500075697899,GFP,-0.40000000000000036,15874.0
9900.0,F6,0.01875,GFP50,R0.25,37.166666666666664,0.2884400084614754,GFP,-0.3000000000000007,18751.2
10800.0,F6,0.01875,GFP50,R0.25,37.1,0.319599998742342,GFP,-1.5,21452.6
11700.0,F6,0.01875,GFP50,R0.25,37.13333333333333,0.3537800133228302,GFP,-0.40000000000000036,23662.1
12600.0,F6,0.01875,GFP50,R0.25,37.166666666666664,0.39045999348163607,GFP,-0.09999999999999964,25922.6
13500.0,F6,0.01875,GFP50,R0.25,37.1,0.4303500145673752,GFP,0.9000000000000004,27484.1
14400.0,F6,0.01875,GFP50,R0.25,37.06666666666667,0.4668299928307533,GFP,-0.40000000000000036,28607.8
15300.0,F6,0.01875,GFP50,R0.25,37.199999999999996,0.49918998777866364,GFP,-0.1999999999999993,29286.3
16200.0,F6,0.01875,GFP50,R0.25,37.03333333333333,0.5308000296354294,GFP,-0.6999999999999993,30193.3
17100.0,F6,0.01875,GFP50,R0.25,37.13333333333333,0.5618900038301945,GFP,0.09999999999999964,30433.9
18000.0,F6,0.01875,GFP50,R0.25,37.0,0.5885000072419644,GFP,-0.5,30612.6
18900.0,F6,0.01875,GFP50,R0.25,37.1,0.6088099785149097,GFP,-0.5,30416.0
19800.0,F6,0.01875,GFP50,R0.25,37.23333333333333,0.6411000244319439,GFP,1.3000000000000007,29899.1
20700.0,F6,0.01875,GFP50,R0.25,37.1,0.6660100094974041,GFP,0.0,29809.7
21600.0,F6,0.01875,GFP50,R0.25,37.233333333333334,0.6780599750578403,GFP,3.1999999999999993,29408.6
22500.0,F6,0.01875,GFP50,R0.25,37.13333333333333,0.6897700071334839,GFP,0.8000000000000007,29277.6
23400.0,F6,0.01875,GFP50,R0.25,37.23333333333333,0.7080300226807594,GFP,0.1999999999999993,28932.1
24300.0,F6,0.01875,GFP50,R0.25,37.13333333333333,0.7235799886286258,GFP,0.5999999999999996,28883.4
25200.0,F6,0.01875,GFP50,R0.25,37.166666666666664,0.7369799725711346,GFP,0.5999999999999996,28569.1
26100.0,F6,0.01875,GFP50,R0.25,37.13333333333333,0.7523199819028378,GFP,2.3000000000000007,28828.3
27000.0,F6,0.01875,GFP50,R0.25,37.23333333333333,0.7644299812614918,GFP,0.3000000000000007,28648.7
27900.0,F6,0.01875,GFP50,R0.25,37.199999999999996,0.7768200285732746,GFP,0.5,28539.1
28800.0,F6,0.01875,GFP50,R0.25,37.1,0.7861599780619144,GFP,0.3000000000000007,28667.3
29700.0,F6,0.01875,GFP50,R0.25,37.16666666666667,0.7959700219333172,GFP,1.5,28595.1
30600.0,F6,0.01875,GFP50,R0.25,37.2,0.8023399837315083,GFP,2.0999999999999996,28305.7
31500.0,F6,0.01875,GFP50,R0.25,37.233333333333334,0.8074500225484371,GFP,1.9000000000000004,28173.2
32400.0,F6,0.01875,GFP50,R0.25,37.3,0.807529979199171,GFP,2.4000000000000004,28047.2
33300.0,F6,0.01875,GFP50,R0.25,37.1,0.8094700127840042,GFP,4.4,27711.5
34200.0,F6,0.01875,GFP50,R0.25,37.166666666666664,0.8097699768841267,GFP,4.300000000000001,27810.5
35100.0,F6,0.01875,GFP50,R0.25,37.233333333333334,0.8123200170695781,GFP,6.0,27438.6
36000.0,F6,0.01875,GFP50,R0.25,37.13333333333333,0.816370016336441,GFP,4.199999999999999,27643.4
36900.0,F6,0.01875,GFP50,R0.25,37.300000000000004,0.8158100008964538,GFP,4.0,27434.7
37800.0,F6,0.01875,GFP50,R0.25,37.13333333333333,0.8193800196051597,GFP,6.699999999999999,26997.9
38700.0,F6,0.01875,GFP50,R0.25,37.13333333333333,0.8237500190734863,GFP,4.4,26977.7
39600.0,F6,0.01875,GFP50,R0.25,37.166666666666664,0.8230999782681465,GFP,5.4,26772.3
40500.0,F6,0.01875,GFP50,R0.25,37.166666666666664,0.8178999930620193,GFP,2.9000000000000004,26785.0
41400.0,F6,0.01875,GFP50,R0.25,37.36666666666667,0.813809984177351,GFP,3.8000000000000007,26700.7
42300.0,F6,0.01875,GFP50,R0.25,37.13333333333333,0.8111199967563152,GFP,4.300000000000001,26494.8
43200.0,F6,0.01875,GFP50,R0.25,37.26666666666667,0.8093000136315822,GFP,4.699999999999999,26473.5
0.0,F7,0.01875,MCH25,R1,37.166666666666664,0.027409998327493662,mCherry,153.5,2.6999999999999886
900.0,F7,0.01875,MCH25,R1,37.1,0.03196999952197074,mCherry,133.3,2.4000000000000057
1800.0,F7,0.01875,MCH25,R1,37.300000000000004,0.04193000048398972,mCherry,132.3,2.8000000000000114
2700.0,F7,0.01875,MCH25,R1,37.46666666666667,0.06140000373125076,mCherry,145.7,5.599999999999994
3600.0,F7,0.01875,MCH25,R1,37.06666666666667,0.08979999274015427,mCherry,161.2,6.199999999999989
4500.0,F7,0.01875,MCH25,R1,37.23333333333333,0.11937000304460525,mCherry,194.9,7.0
5400.0,F7,0.01875,MCH25,R1,37.0,0.14231000766158103,mCherry,281.2,7.5
6300.0,F7,0.01875,MCH25,R1,37.03333333333333,0.15587999746203424,mCherry,456.9,9.900000000000006
7200.0,F7,0.01875,MCH25,R1,37.1,0.1676499903202057,mCherry,768.5,8.599999999999994
8100.0,F7,0.01875,MCH25,R1,37.233333333333334,0.17732000574469567,mCherry,1190.9,8.699999999999989
9000.0,F7,0.01875,MCH25,R1,37.26666666666667,0.18835001438856125,mCherry,1664.6,9.0
9900.0,F7,0.01875,MCH25,R1,37.166666666666664,0.20143999606370927,mCherry,2197.7,10.199999999999989
10800.0,F7,0.01875,MCH25,R1,37.1,0.21609999015927314,mCherry,2707.5,8.599999999999994
11700.0,F7,0.01875,MCH25,R1,37.13333333333333,0.23497999906539918,mCherry,3190.6,11.099999999999994
12600.0,F7,0.01875,MCH25,R1,37.166666666666664,0.258259990811348,mCherry,3660.9,9.599999999999994
13500.0,F7,0.01875,MCH25,R1,37.1,0.28544999063014986,mCherry,4105.9,11.099999999999994
14400.0,F7,0.01875,MCH25,R1,37.06666666666667,0.31682998687028885,mCherry,4459.6,9.800000000000011
15300.0,F7,0.01875,MCH25,R1,37.199999999999996,0.34818999469280243,mCherry,4726.8,10.300000000000011
16200.0,F7,0.01875,MCH25,R1,37.03333333333333,0.38039998710155487,mCherry,4953.3,13.300000000000011
17100.0,F7,0.01875,MCH25,R1,37.13333333333333,0.41729002967476847,mCherry,5141.1,9.900000000000006
18000.0,F7,0.01875,MCH25,R1,37.0,0.4607000194489956,mCherry,5235.5,14.599999999999994
18900.0,F7,0.01875,MCH25,R1,37.1,0.5069099970161914,mCherry,5261.5,17.0
19800.0,F7,0.01875,MCH25,R1,37.23333333333333,0.5502999775111675,mCherry,5269.3,19.099999999999994
20700.0,F7,0.01875,MCH25,R1,37.1,0.5887099973857403,mCherry,5270.0,29.69999999999999
21600.0,F7,0.01875,MCH25,R1,37.233333333333334,0.6370600260794163,mCherry,5204.2,36.599999999999994
22500.0,F7,0.01875,MCH25,R1,37.13333333333333,0.6555699944496155,mCherry,5223.8,35.599999999999994
23400.0,F7,0.01875,MCH25,R1,37.23333333333333,0.6734300032258034,mCherry,5257.2,38.099999999999994
24300.0,F7,0.01875,MCH25,R1,37.13333333333333,0.6913800098001956,mCherry,5295.6,36.400000000000006
25200.0,F7,0.01875,MCH25,R1,37.166666666666664,0.7062800042331219,mCherry,5364.6,41.099999999999994
26100.0,F7,0.01875,MCH25,R1,37.13333333333333,0.720319976657629,mCherry,5360.3,46.30000000000001
27000.0,F7,0.01875,MCH25,R1,37.23333333333333,0.733629996329546,mCherry,5333.3,46.69999999999999
27900.0,F7,0.01875,MCH25,R1,37.199999999999996,0.7492199786007404,mCherry,5337.5,49.099999999999994
28800.0,F7,0.01875,MCH25,R1,37.1,0.7599599815905094,mCherry,5300.3,53.30000000000001
29700.0,F7,0.01875,MCH25,R1,37.16666666666667,0.7688699953258038,mCherry,5297.5,56.099999999999994
30600.0,F7,0.01875,MCH25,R1,37.2,0.780739975720644,mCherry,5320.1,57.69999999999999
31500.0,F7,0.01875,MCH25,R1,37.233333333333334,0.788249995559454,mCherry,5336.9,61.19999999999999
32400.0,F7,0.01875,MCH25,R1,37.3,0.7952300243079662,mCherry,5347.4,62.19999999999999
33300.0,F7,0.01875,MCH25,R1,37.1,0.8015700131654739,mCherry,5400.4,65.5
34200.0,F7,0.01875,MCH25,R1,37.166666666666664,0.8066699989140034,mCherry,5372.3,66.5
35100.0,F7,0.01875,MCH25,R1,37.233333333333334,0.8124199740588665,mCherry,5444.0,68.6
36000.0,F7,0.01875,MCH25,R1,37.13333333333333,0.8162699997425079,mCherry,5496.2,70.4
36900.0,F7,0.01875,MCH25,R1,37.300000000000004,0.8199100255966186,mCherry,5541.0,72.69999999999999
37800.0,F7,0.01875,MCH25,R1,37.13333333333333,0.8265800222754478,mCherry,5556.7,70.9
38700.0,F7,0.01875,MCH25,R1,37.13333333333333,0.8356500267982483,mCherry,5563.4,78.69999999999999
39600.0,F7,0.01875,MCH25,R1,37.166666666666664,0.8377999737858772,mCherry,5575.4,77.30000000000001
40500.0,F7,0.01875,MCH25,R1,37.166666666666664,0.8361999899148941,mCherry,5620.9,82.0
41400.0,F7,0.01875,MCH25,R1,37.36666666666667,0.8341100148856639,mCherry,5613.8,85.69999999999999
42300.0,F7,0.01875,MCH25,R1,37.13333333333333,0.8328200213611126,mCherry,5633.3,89.80000000000001
43200.0,F7,0.01875,MCH25,R1,37.26666666666667,0.8315000019967556,mCherry,5626.7,92.5
0.0,F8,0.01875,GFP75,R4,37.166666666666664,0.02810999527573585,GFP,0.5,813.7
900.0,F8,0.01875,GFP75,R4,37.1,0.031170000880956644,GFP,-0.6999999999999993,789.4
1800.0,F8,0.01875,GFP75,R4,37.300000000000004,0.04193000048398972,GFP,-0.6999999999999993,819.8
2700.0,F8,0.01875,GFP75,R4,37.46666666666667,0.05960000306367874,GFP,-0.3000000000000007,962.6
3600.0,F8,0.01875,GFP75,R4,37.06666666666667,0.08469999581575394,GFP,1.1999999999999993,1359.2
4500.0,F8,0.01875,GFP75,R4,37.23333333333333,0.11587000340223312,GFP,-0.09999999999999964,2152.0
5400.0,F8,0.01875,GFP75,R4,37.0,0.15120999440550803,GFP,0.1999999999999993,3676.5
6300.0,F8,0.01875,GFP75,R4,37.03333333333333,0.18977999016642572,GFP,-0.09999999999999964,6037.9
7200.0,F8,0.01875,GFP75,R4,37.1,0.22735000252723694,GFP,-1.5,9288.6
8100.0,F8,0.01875,GFP75,R4,37.233333333333334,0.26671999916434286,GFP,0.9000000000000004,12862.7
9000.0,F8,0.01875,GFP75,R4,37.26666666666667,0.31075000017881393,GFP,0.5999999999999996,16548.0
9900.0,F8,0.01875,GFP75,R4,37.166666666666664,0.35564001351594926,GFP,-0.3000000000000007,19877.2
10800.0,F8,0.01875,GFP75,R4,37.1,0.4055000074207783,GFP,-0.5,23001.6
11700.0,F8,0.01875,GFP75,R4,37.13333333333333,0.45248003005981446,GFP,0.5999999999999996,25028.1
12600.0,F8,0.01875,GFP75,R4,37.166666666666664,0.4912599712610245,GFP,-2.0999999999999996,27027.6
13500.0,F8,0.01875,GFP75,R4,37.1,0.5298500150442124,GFP,-1.0999999999999996,28524.1
14400.0,F8,0.01875,GFP75,R4,37.06666666666667,0.573230005800724,GFP,-0.40000000000000036,29924.8
15300.0,F8,0.01875,GFP75,R4,37.199999999999996,0.6116899996995926,GFP,-0.1999999999999993,30279.3
16200.0,F8,0.01875,GFP75,R4,37.03333333333333,0.6406000107526779,GFP,0.3000000000000007,30866.3
17100.0,F8,0.01875,GFP75,R4,37.13333333333333,0.6713899947702885,GFP,-2.9000000000000004,30989.9
18000.0,F8,0.01875,GFP75,R4,37.0,0.6991000019013882,GFP,-1.5,31327.6
18900.0,F8,0.01875,GFP75,R4,37.1,0.713809997588396,GFP,1.5,31081.0
19800.0,F8,0.01875,GFP75,R4,37.23333333333333,0.7263999931514263,GFP,1.3000000000000007,30818.1
20700.0,F8,0.01875,GFP75,R4,37.1,0.7399099938571453,GFP,-1.0,30748.7
21600.0,F8,0.01875,GFP75,R4,37.233333333333334,0.7522600091993809,GFP,1.1999999999999993,30511.6
22500.0,F8,0.01875,GFP75,R4,37.13333333333333,0.7639699816703797,GFP,-0.1999999999999993,30630.6
23400.0,F8,0.01875,GFP75,R4,37.23333333333333,0.77623001486063,GFP,1.1999999999999993,30370.1
24300.0,F8,0.01875,GFP75,R4,37.13333333333333,0.7891800262033939,GFP,3.5999999999999996,30477.4
25200.0,F8,0.01875,GFP75,R4,37.166666666666664,0.8004800193011761,GFP,0.5999999999999996,30255.1
26100.0,F8,0.01875,GFP75,R4,37.13333333333333,0.8106200002133847,GFP,5.300000000000001,30498.3
27000.0,F8,0.01875,GFP75,R4,37.23333333333333,0.821129972487688,GFP,1.3000000000000007,30364.7
27900.0,F8,0.01875,GFP75,R4,37.199999999999996,0.8320200093090534,GFP,4.5,30150.1
28800.0,F8,0.01875,GFP75,R4,37.1,0.8364599801599979,GFP,2.3000000000000007,30300.3
29700.0,F8,0.01875,GFP75,R4,37.16666666666667,0.8426700226962567,GFP,3.5,29959.1
30600.0,F8,0.01875,GFP75,R4,37.2,0.851040018349886,GFP,5.1,29826.7
31500.0,F8,0.01875,GFP75,R4,37.233333333333334,0.8532499931752682,GFP,3.9000000000000004,29840.2
32400.0,F8,0.01875,GFP75,R4,37.3,0.855729990452528,GFP,4.4,29803.2
33300.0,F8,0.01875,GFP75,R4,37.1,0.8597700148820877,GFP,2.4000000000000004,29462.5
34200.0,F8,0.01875,GFP75,R4,37.166666666666664,0.8621700294315815,GFP,4.300000000000001,29490.5
35100.0,F8,0.01875,GFP75,R4,37.233333333333334,0.8706199757754802,GFP,4.0,29275.6
36000.0,F8,0.01875,GFP75,R4,37.13333333333333,0.8785700261592865,GFP,2.1999999999999993,29306.4
36900.0,F8,0.01875,GFP75,R4,37.300000000000004,0.8815099954605102,GFP,5.0,29237.7
37800.0,F8,0.01875,GFP75,R4,37.13333333333333,0.8808799728751182,GFP,3.6999999999999993,29109.9
38700.0,F8,0.01875,GFP75,R4,37.13333333333333,0.8795499801635742,GFP,3.4000000000000004,29207.7
39600.0,F8,0.01875,GFP75,R4,37.166666666666664,0.8779000118374825,GFP,2.4000000000000004,29117.3
40500.0,F8,0.01875,GFP75,R4,37.166666666666664,0.8753999978303909,GFP,2.9000000000000004,29134.0
41400.0,F8,0.01875,GFP75,R4,37.36666666666667,0.8722100190818309,GFP,5.800000000000001,28968.7
42300.0,F8,0.01875,GFP75,R4,37.13333333333333,0.8697200052440166,GFP,6.300000000000001,28800.8
43200.0,F8,0.01875,GFP75,R4,37.26666666666667,0.8646000109612941,GFP,4.699999999999999,28800.5
0.0,F9,0.01875,MCH50,R0.25,37.166666666666664,0.019909998029470438,mCherry,71.5,2.6999999999999886
900.0,F9,0.01875,MCH50,R0.25,37.1,0.02717000022530555,mCherry,62.3,5.400000000000006
1800.0,F9,0.01875,MCH50,R0.25,37.300000000000004,0.03702999204397202,mCherry,58.3,4.800000000000011
2700.0,F9,0.01875,MCH50,R0.25,37.46666666666667,0.05700000375509262,mCherry,61.7,4.599999999999994
3600.0,F9,0.01875,MCH50,R0.25,37.06666666666667,0.08919999748468399,mCherry,73.2,6.199999999999989
4500.0,F9,0.01875,MCH50,R0.25,37.23333333333333,0.1301699921488762,mCherry,89.9,5.0
5400.0,F9,0.01875,MCH50,R0.25,37.0,0.17580999359488486,mCherry,134.2,7.5
6300.0,F9,0.01875,MCH50,R0.25,37.03333333333333,0.2179799906909466,mCherry,215.9,8.900000000000006
7200.0,F9,0.01875,MCH50,R0.25,37.1,0.26095000505447385,mCherry,415.5,10.599999999999994
8100.0,F9,0.01875,MCH50,R0.25,37.233333333333334,0.2987200044095516,mCherry,794.9,9.699999999999989
9000.0,F9,0.01875,MCH50,R0.25,37.26666666666667,0.33595000952482224,mCherry,1371.6,8.0
9900.0,F9,0.01875,MCH50,R0.25,37.166666666666664,0.36343999654054643,mCherry,2166.7,10.199999999999989
10800.0,F9,0.01875,MCH50,R0.25,37.1,0.3893999882042408,mCherry,3134.5,10.599999999999994
11700.0,F9,0.01875,MCH50,R0.25,37.13333333333333,0.4162799835205078,mCherry,4028.6,10.099999999999994
12600.0,F9,0.01875,MCH50,R0.25,37.166666666666664,0.44546000063419344,mCherry,4894.9,10.599999999999994
13500.0,F9,0.01875,MCH50,R0.25,37.1,0.4754499882459641,mCherry,5574.9,11.099999999999994
14400.0,F9,0.01875,MCH50,R0.25,37.06666666666667,0.5075300112366676,mCherry,6184.6,14.800000000000011
15300.0,F9,0.01875,MCH50,R0.25,37.199999999999996,0.5408899933099747,mCherry,6624.8,14.300000000000011
16200.0,F9,0.01875,MCH50,R0.25,37.03333333333333,0.5749000161886215,mCherry,6934.3,17.30000000000001
17100.0,F9,0.01875,MCH50,R0.25,37.13333333333333,0.6054900266230107,mCherry,7044.1,21.900000000000006
18000.0,F9,0.01875,MCH50,R0.25,37.0,0.6489000163972378,mCherry,7172.5,27.599999999999994
18900.0,F9,0.01875,MCH50,R0.25,37.1,0.6718100018799305,mCherry,7365.5,30.0
19800.0,F9,0.01875,MCH50,R0.25,37.23333333333333,0.6885999791324139,mCherry,7632.3,28.099999999999994
20700.0,F9,0.01875,MCH50,R0.25,37.1,0.7021099798381328,mCherry,8023.0,34.69999999999999
21600.0,F9,0.01875,MCH50,R0.25,37.233333333333334,0.7151599921286106,mCherry,8326.2,31.599999999999994
22500.0,F9,0.01875,MCH50,R0.25,37.13333333333333,0.7296700119972229,mCherry,8603.8,36.599999999999994
23400.0,F9,0.01875,MCH50,R0.25,37.23333333333333,0.7408299818634987,mCherry,8768.2,38.099999999999994
24300.0,F9,0.01875,MCH50,R0.25,37.13333333333333,0.7522799827158451,mCherry,8968.6,40.400000000000006
25200.0,F9,0.01875,MCH50,R0.25,37.166666666666664,0.7617799751460552,mCherry,9076.6,40.099999999999994
26100.0,F9,0.01875,MCH50,R0.25,37.13333333333333,0.7712200187146664,mCherry,9137.3,44.30000000000001
27000.0,F9,0.01875,MCH50,R0.25,37.23333333333333,0.7792299933731556,mCherry,9272.3,48.69999999999999
27900.0,F9,0.01875,MCH50,R0.25,37.199999999999996,0.7904200203716755,mCherry,9292.5,49.099999999999994
28800.0,F9,0.01875,MCH50,R0.25,37.1,0.7949600078165531,mCherry,9529.3,52.30000000000001
29700.0,F9,0.01875,MCH50,R0.25,37.16666666666667,0.8018699876964093,mCherry,9611.5,55.099999999999994
30600.0,F9,0.01875,MCH50,R0.25,37.2,0.8104400165379048,mCherry,9768.1,53.69999999999999
31500.0,F9,0.01875,MCH50,R0.25,37.233333333333334,0.8163500092923641,mCherry,10000.9,56.19999999999999
32400.0,F9,0.01875,MCH50,R0.25,37.3,0.8204299740493297,mCherry,10213.4,60.19999999999999
33300.0,F9,0.01875,MCH50,R0.25,37.1,0.8245700150728226,mCherry,10399.4,61.5
34200.0,F9,0.01875,MCH50,R0.25,37.166666666666664,0.8329700119793415,mCherry,10582.3,59.5
35100.0,F9,0.01875,MCH50,R0.25,37.233333333333334,0.8394199840724468,mCherry,10806.0,60.599999999999994
36000.0,F9,0.01875,MCH50,R0.25,37.13333333333333,0.8397700250148773,mCherry,10910.2,63.400000000000006
36900.0,F9,0.01875,MCH50,R0.25,37.300000000000004,0.8384099960327148,mCherry,11034.0,65.69999999999999
37800.0,F9,0.01875,MCH50,R0.25,37.13333333333333,0.836679969727993,mCherry,11072.7,66.9
38700.0,F9,0.01875,MCH50,R0.25,37.13333333333333,0.8373500108718872,mCherry,11048.4,72.69999999999999
39600.0,F9,0.01875,MCH50,R0.25,37.166666666666664,0.8369000032544136,mCherry,11048.4,72.30000000000001
40500.0,F9,0.01875,MCH50,R0.25,37.166666666666664,0.8352000027894974,mCherry,11030.9,76.0
41400.0,F9,0.01875,MCH50,R0.25,37.36666666666667,0.8352100186049938,mCherry,11014.8,78.69999999999999
42300.0,F9,0.01875,MCH50,R0.25,37.13333333333333,0.8345200054347515,mCherry,10951.3,80.80000000000001
43200.0,F9,0.01875,MCH50,R0.25,37.26666666666667,0.8338000260293483,mCherry,10936.7,86.5
0.0,G2,0.01875,GFP50,R2,37.166666666666664,0.028809999674558634,GFP,-0.5,976.7
900.0,G2,0.01875,GFP50,R2,37.1,0.033370000869035715,GFP,-0.6999999999999993,947.4
1800.0,G2,0.01875,GFP50,R2,37.300000000000004,0.04563000351190567,GFP,1.3000000000000007,992.8
2700.0,G2,0.01875,GFP50,R2,37.46666666666667,0.0650000050663948,GFP,0.6999999999999993,1224.6
3600.0,G2,0.01875,GFP50,R2,37.06666666666667,0.08809999376535416,GFP,0.1999999999999993,1813.2
4500.0,G2,0.01875,GFP50,R2,37.23333333333333,0.11417000442743301,GFP,-0.09999999999999964,2865.0
5400.0,G2,0.01875,GFP50,R2,37.0,0.1421100042760372,GFP,-0.8000000000000007,4538.5
6300.0,G2,0.01875,GFP50,R2,37.03333333333333,0.1734799973666668,GFP,-2.0999999999999996,6544.9
7200.0,G2,0.01875,GFP50,R2,37.1,0.20565000772476197,GFP,-0.5,8579.6
8100.0,G2,0.01875,GFP50,R2,37.233333333333334,0.24151998981833459,GFP,-1.0999999999999996,10650.7
9000.0,G2,0.01875,GFP50,R2,37.26666666666667,0.2853499874472618,GFP,-1.4000000000000004,12666.0
9900.0,G2,0.01875,GFP50,R2,37.166666666666664,0.3364399865269661,GFP,-0.3000000000000007,14203.2
10800.0,G2,0.01875,GFP50,R2,37.1,0.3951000101864338,GFP,-1.5,15611.6
11700.0,G2,0.01875,GFP50,R2,37.13333333333333,0.44397999048233033,GFP,-0.40000000000000036,16375.1
12600.0,G2,0.01875,GFP50,R2,37.166666666666664,0.4855599790811539,GFP,-1.0999999999999996,17071.6
13500.0,G2,0.01875,GFP50,R2,37.1,0.5316500157117844,GFP,-0.09999999999999964,17606.1
14400.0,G2,0.01875,GFP50,R2,37.06666666666667,0.5779300108551979,GFP,-1.4000000000000004,17806.8
15300.0,G2,0.01875,GFP50,R2,37.199999999999996,0.6161899715662003,GFP,-1.1999999999999993,17652.3
16200.0,G2,0.01875,GFP50,R2,37.03333333333333,0.6664000004529953,GFP,1.3000000000000007,17659.3
17100.0,G2,0.01875,GFP50,R2,37.13333333333333,0.6944900132715702,GFP,0.09999999999999964,17481.9
18000.0,G2,0.01875,GFP50,R2,37.0,0.7164000116288662,GFP,0.5,17401.6
18900.0,G2,0.01875,GFP50,R2,37.1,0.7367099829018116,GFP,1.5,17205.0
19800.0,G2,0.01875,GFP50,R2,37.23333333333333,0.7571999780833721,GFP,1.3000000000000007,17018.1
20700.0,G2,0.01875,GFP50,R2,37.1,0.7732099764049053,GFP,2.0,17032.7
21600.0,G2,0.01875,GFP50,R2,37.233333333333334,0.7870600022375583,GFP,1.1999999999999993,16925.6
22500.0,G2,0.01875,GFP50,R2,37.13333333333333,0.8027699828147888,GFP,0.8000000000000007,16842.6
23400.0,G2,0.01875,GFP50,R2,37.23333333333333,0.8154300227761269,GFP,1.1999999999999993,16833.1
24300.0,G2,0.01875,GFP50,R2,37.13333333333333,0.82788001075387,GFP,0.5999999999999996,16784.4
25200.0,G2,0.01875,GFP50,R2,37.166666666666664,0.8414800278842449,GFP,1.5999999999999996,16716.1
26100.0,G2,0.01875,GFP50,R2,37.13333333333333,0.851320018619299,GFP,3.3000000000000007,16844.3
27000.0,G2,0.01875,GFP50,R2,37.23333333333333,0.8606300301849842,GFP,3.3000000000000007,16646.7
27900.0,G2,0.01875,GFP50,R2,37.199999999999996,0.8698200233280658,GFP,1.5,16580.1
28800.0,G2,0.01875,GFP50,R2,37.1,0.8788599826395511,GFP,2.3000000000000007,16593.3
29700.0,G2,0.01875,GFP50,R2,37.16666666666667,0.8860700123012066,GFP,2.5,16564.1
30600.0,G2,0.01875,GFP50,R2,37.2,0.8940400011837483,GFP,4.1,16508.7
31500.0,G2,0.01875,GFP50,R2,37.233333333333334,0.8993500135838985,GFP,2.9000000000000004,16566.2
32400.0,G2,0.01875,GFP50,R2,37.3,0.9077299766242504,GFP,3.4000000000000004,16376.2
33300.0,G2,0.01875,GFP50,R2,37.1,0.9180699735879898,GFP,3.4000000000000004,16261.5
34200.0,G2,0.01875,GFP50,R2,37.166666666666664,0.9198699481785297,GFP,1.3000000000000007,16308.5
35100.0,G2,0.01875,GFP50,R2,37.233333333333334,0.9194199673831462,GFP,2.0,16059.6
36000.0,G2,0.01875,GFP50,R2,37.13333333333333,0.9169699609279632,GFP,3.1999999999999993,16031.4
36900.0,G2,0.01875,GFP50,R2,37.300000000000004,0.9144099712371826,GFP,3.0,15793.7
37800.0,G2,0.01875,GFP50,R2,37.13333333333333,0.912879978120327,GFP,3.6999999999999993,15524.9
38700.0,G2,0.01875,GFP50,R2,37.13333333333333,0.9117500185966492,GFP,2.4000000000000004,15514.7
39600.0,G2,0.01875,GFP50,R2,37.166666666666664,0.9109000042080879,GFP,4.4,15315.3
40500.0,G2,0.01875,GFP50,R2,37.166666666666664,0.9086999803781509,GFP,1.9000000000000004,15236.0
41400.0,G2,0.01875,GFP50,R2,37.36666666666667,0.9105100564658641,GFP,2.8000000000000007,15128.7
42300.0,G2,0.01875,GFP50,R2,37.13333333333333,0.9136199586093425,GFP,3.3000000000000007,15122.8
43200.0,G2,0.01875,GFP50,R2,37.26666666666667,0.9152000032365322,GFP,0.6999999999999993,15020.5
0.0,G3,0.01875,GFP90,R2,37.166666666666664,0.02860999628901481,GFP,-0.5,947.7
900.0,G3,0.01875,GFP90,R2,37.1,0.0291699968278408,GFP,3.3000000000000007,907.4
1800.0,G3,0.01875,GFP90,R2,37.300000000000004,0.0401299998164177,GFP,-1.6999999999999993,950.8
2700.0,G3,0.01875,GFP90,R2,37.46666666666667,0.05780000239610672,GFP,-1.3000000000000007,1115.6
3600.0,G3,0.01875,GFP90,R2,37.06666666666667,0.08179999142885208,GFP,0.1999999999999993,1509.2
4500.0,G3,0.01875,GFP90,R2,37.23333333333333,0.11077000647783279,GFP,-0.09999999999999964,2296.0
5400.0,G3,0.01875,GFP90,R2,37.0,0.14410999342799186,GFP,-0.8000000000000007,3740.5
6300.0,G3,0.01875,GFP90,R2,37.03333333333333,0.18058001324534417,GFP,-0.09999999999999964,5846.9
7200.0,G3,0.01875,GFP90,R2,37.1,0.21594998836517335,GFP,-0.5,8702.6
8100.0,G3,0.01875,GFP90,R2,37.233333333333334,0.2550199948251247,GFP,-1.0999999999999996,11775.7
9000.0,G3,0.01875,GFP90,R2,37.26666666666667,0.2990499958395958,GFP,0.5999999999999996,14935.0
9900.0,G3,0.01875,GFP90,R2,37.166666666666664,0.3470399871468544,GFP,-0.3000000000000007,17697.2
10800.0,G3,0.01875,GFP90,R2,37.1,0.4023000128567219,GFP,-1.5,20251.6
11700.0,G3,0.01875,GFP90,R2,37.13333333333333,0.4508800029754639,GFP,0.5999999999999996,21677.1
12600.0,G3,0.01875,GFP90,R2,37.166666666666664,0.4913599878549576,GFP,-1.0999999999999996,23225.6
13500.0,G3,0.01875,GFP90,R2,37.1,0.5332499831914902,GFP,0.9000000000000004,24412.1
14400.0,G3,0.01875,GFP90,R2,37.06666666666667,0.5796299949288368,GFP,-0.40000000000000036,25397.8
15300.0,G3,0.01875,GFP90,R2,37.199999999999996,0.6163900047540665,GFP,-1.1999999999999993,25657.3
16200.0,G3,0.01875,GFP90,R2,37.03333333333333,0.6471999734640121,GFP,-0.6999999999999993,25905.3
17100.0,G3,0.01875,GFP90,R2,37.13333333333333,0.6893900014460087,GFP,-0.9000000000000004,25814.9
18000.0,G3,0.01875,GFP90,R2,37.0,0.706800027936697,GFP,1.5,25754.6
18900.0,G3,0.01875,GFP90,R2,37.1,0.7233100242912769,GFP,-0.5,25591.0
19800.0,G3,0.01875,GFP90,R2,37.23333333333333,0.7380000106990338,GFP,0.3000000000000007,25335.1
20700.0,G3,0.01875,GFP90,R2,37.1,0.7536100022494793,GFP,2.0,25363.7
21600.0,G3,0.01875,GFP90,R2,37.233333333333334,0.7668599881231785,GFP,1.1999999999999993,25066.6
22500.0,G3,0.01875,GFP90,R2,37.13333333333333,0.7811699748039246,GFP,0.8000000000000007,25060.6
23400.0,G3,0.01875,GFP90,R2,37.23333333333333,0.7941300049424171,GFP,1.1999999999999993,25002.1
24300.0,G3,0.01875,GFP90,R2,37.13333333333333,0.8060800291597843,GFP,0.5999999999999996,25116.4
25200.0,G3,0.01875,GFP90,R2,37.166666666666664,0.8180800192058086,GFP,-0.40000000000000036,24879.1
26100.0,G3,0.01875,GFP90,R2,37.13333333333333,0.8303199909627438,GFP,3.3000000000000007,25065.3
27000.0,G3,0.01875,GFP90,R2,37.23333333333333,0.8379300184547901,GFP,1.3000000000000007,25118.7
27900.0,G3,0.01875,GFP90,R2,37.199999999999996,0.8452199943363666,GFP,3.5,24720.1
28800.0,G3,0.01875,GFP90,R2,37.1,0.8530599929392337,GFP,5.300000000000001,24807.3
29700.0,G3,0.01875,GFP90,R2,37.16666666666667,0.861769973486662,GFP,3.5,24714.1
30600.0,G3,0.01875,GFP90,R2,37.2,0.8675400145351887,GFP,3.0999999999999996,24471.7
31500.0,G3,0.01875,GFP90,R2,37.233333333333334,0.8735500238835812,GFP,3.9000000000000004,24563.2
32400.0,G3,0.01875,GFP90,R2,37.3,0.8780299954116344,GFP,3.4000000000000004,24388.2
33300.0,G3,0.01875,GFP90,R2,37.1,0.8841700106859207,GFP,3.4000000000000004,24165.5
34200.0,G3,0.01875,GFP90,R2,37.166666666666664,0.8944700248539448,GFP,3.3000000000000007,24258.5
35100.0,G3,0.01875,GFP90,R2,37.233333333333334,0.9004199735820293,GFP,4.0,24045.6
36000.0,G3,0.01875,GFP90,R2,37.13333333333333,0.9029700219631195,GFP,3.1999999999999993,24179.4
36900.0,G3,0.01875,GFP90,R2,37.300000000000004,0.9020099997520447,GFP,3.0,24151.7
37800.0,G3,0.01875,GFP90,R2,37.13333333333333,0.9018800005316734,GFP,2.6999999999999993,23913.9
38700.0,G3,0.01875,GFP90,R2,37.13333333333333,0.9002500176429749,GFP,2.4000000000000004,24005.7
39600.0,G3,0.01875,GFP90,R2,37.166666666666664,0.8992999866604805,GFP,0.40000000000000036,23760.3
40500.0,G3,0.01875,GFP90,R2,37.166666666666664,0.898100009560585,GFP,2.9000000000000004,23754.0
41400.0,G3,0.01875,GFP90,R2,37.36666666666667,0.8974100284278392,GFP,2.8000000000000007,23685.7
42300.0,G3,0.01875,GFP90,R2,37.13333333333333,0.8945200078189373,GFP,5.300000000000001,23537.8
43200.0,G3,0.01875,GFP90,R2,37.26666666666667,0.894199975579977,GFP,3.6999999999999993,23412.5
0.0,G5,0.01875,MCH10,R2,37.166666666666664,0.030009997636079783,mCherry,186.5,-1.3000000000000114
900.0,G5,0.01875,MCH10,R2,37.1,0.03306999579071998,mCherry,154.3,0.4000000000000057
1800.0,G5,0.01875,MCH10,R2,37.300000000000004,0.04452999979257584,mCherry,153.3,1.8000000000000114
2700.0,G5,0.01875,MCH10,R2,37.46666666666667,0.06510000675916672,mCherry,160.7,2.5999999999999943
3600.0,G5,0.01875,MCH10,R2,37.06666666666667,0.09159999340772629,mCherry,177.2,5.199999999999989
4500.0,G5,0.01875,MCH10,R2,37.23333333333333,0.11927000135183334,mCherry,213.9,8.0
5400.0,G5,0.01875,MCH10,R2,37.0,0.1454100005328655,mCherry,282.2,6.5
6300.0,G5,0.01875,MCH10,R2,37.03333333333333,0.16668000146746637,mCherry,416.9,10.900000000000006
7200.0,G5,0.01875,MCH10,R2,37.1,0.192849999666214,mCherry,622.5,7.599999999999994
8100.0,G5,0.01875,MCH10,R2,37.233333333333334,0.2246199868619442,mCherry,867.9,9.699999999999989
9000.0,G5,0.01875,MCH10,R2,37.26666666666667,0.26704999059438705,mCherry,1142.6,11.0
9900.0,G5,0.01875,MCH10,R2,37.166666666666664,0.31563999205827714,mCherry,1407.7,7.199999999999989
10800.0,G5,0.01875,MCH10,R2,37.1,0.36130000427365305,mCherry,1677.5,9.599999999999994
11700.0,G5,0.01875,MCH10,R2,37.13333333333333,0.4023800015449524,mCherry,1892.6,10.099999999999994
12600.0,G5,0.01875,MCH10,R2,37.166666666666664,0.44755999147892,mCherry,2022.9,11.599999999999994
13500.0,G5,0.01875,MCH10,R2,37.1,0.4919499844312668,mCherry,2112.9,18.099999999999994
14400.0,G5,0.01875,MCH10,R2,37.06666666666667,0.5348300114274025,mCherry,2126.6,23.80000000000001
15300.0,G5,0.01875,MCH10,R2,37.199999999999996,0.5721900016069412,mCherry,2132.8,35.30000000000001
16200.0,G5,0.01875,MCH10,R2,37.03333333333333,0.6202999800443649,mCherry,2142.3,39.30000000000001
17100.0,G5,0.01875,MCH10,R2,37.13333333333333,0.6516900040209294,mCherry,2170.1,31.900000000000006
18000.0,G5,0.01875,MCH10,R2,37.0,0.6755999766290188,mCherry,2194.5,38.599999999999994
18900.0,G5,0.01875,MCH10,R2,37.1,0.6992100186645984,mCherry,2227.5,43.0
19800.0,G5,0.01875,MCH10,R2,37.23333333333333,0.7198000304400921,mCherry,2256.3,46.099999999999994
20700.0,G5,0.01875,MCH10,R2,37.1,0.73501001521945,mCherry,2333.0,50.69999999999999
21600.0,G5,0.01875,MCH10,R2,37.233333333333334,0.7484599746763706,mCherry,2359.2,51.599999999999994
22500.0,G5,0.01875,MCH10,R2,37.13333333333333,0.7636699914932251,mCherry,2391.8,56.599999999999994
23400.0,G5,0.01875,MCH10,R2,37.23333333333333,0.7763299718499184,mCherry,2423.2,58.099999999999994
24300.0,G5,0.01875,MCH10,R2,37.13333333333333,0.7878799892961978,mCherry,2460.6,61.400000000000006
25200.0,G5,0.01875,MCH10,R2,37.166666666666664,0.798680018633604,mCherry,2465.6,61.099999999999994
26100.0,G5,0.01875,MCH10,R2,37.13333333333333,0.8121200107038021,mCherry,2521.3,65.30000000000001
27000.0,G5,0.01875,MCH10,R2,37.23333333333333,0.8232300229370594,mCherry,2565.3,68.69999999999999
27900.0,G5,0.01875,MCH10,R2,37.199999999999996,0.8322199828922748,mCherry,2611.5,66.1
28800.0,G5,0.01875,MCH10,R2,37.1,0.8406600214540958,mCherry,2700.3,71.30000000000001
29700.0,G5,0.01875,MCH10,R2,37.16666666666667,0.8500699989497662,mCherry,2759.5,74.1
30600.0,G5,0.01875,MCH10,R2,37.2,0.8575400240719319,mCherry,2800.1,76.69999999999999
31500.0,G5,0.01875,MCH10,R2,37.233333333333334,0.8631500266492367,mCherry,2896.9,76.19999999999999
32400.0,G5,0.01875,MCH10,R2,37.3,0.868229978531599,mCherry,2924.4,81.19999999999999
33300.0,G5,0.01875,MCH10,R2,37.1,0.8756699711084366,mCherry,3008.4,81.5
34200.0,G5,0.01875,MCH10,R2,37.166666666666664,0.8867699988186359,mCherry,3054.3,87.5
35100.0,G5,0.01875,MCH10,R2,37.233333333333334,0.8938200108706951,mCherry,3107.0,84.6
36000.0,G5,0.01875,MCH10,R2,37.13333333333333,0.8972700297832489,mCherry,3147.2,90.4
36900.0,G5,0.01875,MCH10,R2,37.300000000000004,0.898609972000122,mCherry,3163.0,93.69999999999999
37800.0,G5,0.01875,MCH10,R2,37.13333333333333,0.8976800188422203,mCherry,3154.7,94.9
38700.0,G5,0.01875,MCH10,R2,37.13333333333333,0.8977500200271606,mCherry,3156.4,103.69999999999999
39600.0,G5,0.01875,MCH10,R2,37.166666666666664,0.8988999798893929,mCherry,3142.4,104.30000000000001
40500.0,G5,0.01875,MCH10,R2,37.166666666666664,0.9003000169992447,mCherry,3156.9,110.0
41400.0,G5,0.01875,MCH10,R2,37.36666666666667,0.9012100033462047,mCherry,3166.8,113.69999999999999
42300.0,G5,0.01875,MCH10,R2,37.13333333333333,0.9002199999988079,mCherry,3132.3,115.80000000000001
43200.0,G5,0.01875,MCH10,R2,37.26666666666667,0.8992999874055385,mCherry,3161.7,120.5
0.0,G6,0.01875,MCH75,R4,37.166666666666664,0.02170999869704246,mCherry,35.5,1.6999999999999886
900.0,G6,0.01875,MCH75,R4,37.1,0.02486999854445457,mCherry,34.3,-0.5999999999999943
1800.0,G6,0.01875,MCH75,R4,37.300000000000004,0.03433000594377518,mCherry,32.3,3.8000000000000114
2700.0,G6,0.01875,MCH75,R4,37.46666666666667,0.0544000044465065,mCherry,35.7,1.5999999999999943
3600.0,G6,0.01875,MCH75,R4,37.06666666666667,0.08569999784231186,mCherry,40.2,1.1999999999999886
4500.0,G6,0.01875,MCH75,R4,37.23333333333333,0.12756999284029008,mCherry,54.9,7.0
5400.0,G6,0.01875,MCH75,R4,37.0,0.17580999359488486,mCherry,70.2,4.5
6300.0,G6,0.01875,MCH75,R4,37.03333333333333,0.22227998897433282,mCherry,113.9,5.900000000000006
7200.0,G6,0.01875,MCH75,R4,37.1,0.27645001411437986,mCherry,197.5,6.599999999999994
8100.0,G6,0.01875,MCH75,R4,37.233333333333334,0.32571998462080953,mCherry,378.9,9.699999999999989
9000.0,G6,0.01875,MCH75,R4,37.26666666666667,0.3656499907374382,mCherry,724.6,9.0
9900.0,G6,0.01875,MCH75,R4,37.166666666666664,0.3915400102734566,mCherry,1273.7,11.199999999999989
10800.0,G6,0.01875,MCH75,R4,37.1,0.41500000432133677,mCherry,2006.5,14.599999999999994
11700.0,G6,0.01875,MCH75,R4,37.13333333333333,0.44018001556396485,mCherry,2737.6,14.099999999999994
12600.0,G6,0.01875,MCH75,R4,37.166666666666664,0.4637599974870682,mCherry,3497.9,14.599999999999994
13500.0,G6,0.01875,MCH75,R4,37.1,0.4895500034093857,mCherry,4220.9,14.099999999999994
14400.0,G6,0.01875,MCH75,R4,37.06666666666667,0.5165300145745277,mCherry,4935.6,19.80000000000001
15300.0,G6,0.01875,MCH75,R4,37.199999999999996,0.5430900007486343,mCherry,5547.8,18.30000000000001
16200.0,G6,0.01875,MCH75,R4,37.03333333333333,0.5710000246763229,mCherry,6141.3,21.30000000000001
17100.0,G6,0.01875,MCH75,R4,37.13333333333333,0.6000900246202946,mCherry,6603.1,25.900000000000006
18000.0,G6,0.01875,MCH75,R4,37.0,0.6360000215470791,mCherry,7051.5,29.599999999999994
18900.0,G6,0.01875,MCH75,R4,37.1,0.6590100236237049,mCherry,7480.5,31.0
19800.0,G6,0.01875,MCH75,R4,37.23333333333333,0.6776000015437603,mCherry,8067.3,34.099999999999994
20700.0,G6,0.01875,MCH75,R4,37.1,0.6935099832713604,mCherry,8706.0,34.69999999999999
21600.0,G6,0.01875,MCH75,R4,37.233333333333334,0.7031600274145603,mCherry,9353.2,31.599999999999994
22500.0,G6,0.01875,MCH75,R4,37.13333333333333,0.7148699998855591,mCherry,9985.8,35.599999999999994
23400.0,G6,0.01875,MCH75,R4,37.23333333333333,0.7265299931168556,mCherry,10398.2,36.099999999999994
24300.0,G6,0.01875,MCH75,R4,37.13333333333333,0.7382799841463565,mCherry,10793.6,37.400000000000006
25200.0,G6,0.01875,MCH75,R4,37.166666666666664,0.7479800097644329,mCherry,11039.6,37.099999999999994
26100.0,G6,0.01875,MCH75,R4,37.13333333333333,0.7607200048863888,mCherry,11234.3,44.30000000000001
27000.0,G6,0.01875,MCH75,R4,37.23333333333333,0.7711300201714039,mCherry,11374.3,42.69999999999999
27900.0,G6,0.01875,MCH75,R4,37.199999999999996,0.7850200183689594,mCherry,11362.5,44.099999999999994
28800.0,G6,0.01875,MCH75,R4,37.1,0.7917600132524967,mCherry,11657.3,47.30000000000001
29700.0,G6,0.01875,MCH75,R4,37.16666666666667,0.8012700073421002,mCherry,11816.5,48.099999999999994
30600.0,G6,0.01875,MCH75,R4,37.2,0.8084399826824665,mCherry,11967.1,51.69999999999999
31500.0,G6,0.01875,MCH75,R4,37.233333333333334,0.8149500153958797,mCherry,12189.9,52.19999999999999
32400.0,G6,0.01875,MCH75,R4,37.3,0.8205299906432628,mCherry,12360.4,55.19999999999999
33300.0,G6,0.01875,MCH75,R4,37.1,0.8341699987649918,mCherry,12526.4,50.5
34200.0,G6,0.01875,MCH75,R4,37.166666666666664,0.8392699845135212,mCherry,12796.3,56.5
35100.0,G6,0.01875,MCH75,R4,37.233333333333334,0.8411200277507305,mCherry,12976.0,56.599999999999994
36000.0,G6,0.01875,MCH75,R4,37.13333333333333,0.8433700263500213,mCherry,13037.2,55.400000000000006
36900.0,G6,0.01875,MCH75,R4,37.300000000000004,0.842609977722168,mCherry,13104.0,60.69999999999999
37800.0,G6,0.01875,MCH75,R4,37.13333333333333,0.8428799852728843,mCherry,13077.7,59.900000000000006
38700.0,G6,0.01875,MCH75,R4,37.13333333333333,0.8435500264167786,mCherry,13148.4,62.69999999999999
39600.0,G6,0.01875,MCH75,R4,37.166666666666664,0.8435999825596809,mCherry,13075.4,62.30000000000001
40500.0,G6,0.01875,MCH75,R4,37.166666666666664,0.8429000288248062,mCherry,13108.9,70.0
41400.0,G6,0.01875,MCH75,R4,37.36666666666667,0.8429099850356578,mCherry,13040.8,68.69999999999999
42300.0,G6,0.01875,MCH75,R4,37.13333333333333,0.8435200087726116,mCherry,13054.3,70.80000000000001
43200.0,G6,0.01875,MCH75,R4,37.26666666666667,0.8427000127732753,mCherry,13018.7,75.5
0.0,G7,0.01875,MCH10,R0.25,37.166666666666664,0.031909999996423716,mCherry,154.5,6.699999999999989
900.0,G7,0.01875,MCH10,R0.25,37.1,0.03146999850869178,mCherry,128.3,5.400000000000006
1800.0,G7,0.01875,MCH10,R0.25,37.300000000000004,0.04193000048398972,mCherry,133.3,3.8000000000000114
2700.0,G7,0.01875,MCH10,R0.25,37.46666666666667,0.06079999357461929,mCherry,140.7,6.599999999999994
3600.0,G7,0.01875,MCH10,R0.25,37.06666666666667,0.0868000015616417,mCherry,152.2,8.199999999999989
4500.0,G7,0.01875,MCH10,R0.25,37.23333333333333,0.11786999255418777,mCherry,164.9,6.0
5400.0,G7,0.01875,MCH10,R0.25,37.0,0.14731000289320945,mCherry,201.2,7.5
6300.0,G7,0.01875,MCH10,R0.25,37.03333333333333,0.17318000718951226,mCherry,270.9,9.900000000000006
7200.0,G7,0.01875,MCH10,R0.25,37.1,0.2042500138282776,mCherry,401.5,7.599999999999994
8100.0,G7,0.01875,MCH10,R0.25,37.233333333333334,0.24052000269293786,mCherry,571.9,8.699999999999989
9000.0,G7,0.01875,MCH10,R0.25,37.26666666666667,0.2837499901652336,mCherry,789.6,12.0
9900.0,G7,0.01875,MCH10,R0.25,37.166666666666664,0.3275399997830391,mCherry,1005.7,13.199999999999989
10800.0,G7,0.01875,MCH10,R0.25,37.1,0.36679999306797983,mCherry,1225.5,12.599999999999994
11700.0,G7,0.01875,MCH10,R0.25,37.13333333333333,0.4070800065994263,mCherry,1383.6,14.099999999999994
12600.0,G7,0.01875,MCH10,R0.25,37.166666666666664,0.45516000092029574,mCherry,1530.9,21.599999999999994
13500.0,G7,0.01875,MCH10,R0.25,37.1,0.5006499975919724,mCherry,1573.9,23.099999999999994
14400.0,G7,0.01875,MCH10,R0.25,37.06666666666667,0.5431300178170204,mCherry,1601.6,31.80000000000001
15300.0,G7,0.01875,MCH10,R0.25,37.199999999999996,0.5881899744272232,mCherry,1594.8,40.30000000000001
16200.0,G7,0.01875,MCH10,R0.25,37.03333333333333,0.6239999979734421,mCherry,1623.3,36.30000000000001
17100.0,G7,0.01875,MCH10,R0.25,37.13333333333333,0.6533899880945683,mCherry,1636.1,38.900000000000006
18000.0,G7,0.01875,MCH10,R0.25,37.0,0.6777000270783902,mCherry,1690.5,42.599999999999994
18900.0,G7,0.01875,MCH10,R0.25,37.1,0.6980099983513355,mCherry,1732.5,49.0
19800.0,G7,0.01875,MCH10,R0.25,37.23333333333333,0.7154999725520611,mCherry,1778.3,48.099999999999994
20700.0,G7,0.01875,MCH10,R0.25,37.1,0.732009994238615,mCherry,1815.0,53.69999999999999
21600.0,G7,0.01875,MCH10,R0.25,37.233333333333334,0.7455600298941135,mCherry,1852.2,56.599999999999994
22500.0,G7,0.01875,MCH10,R0.25,37.13333333333333,0.7598700165748596,mCherry,1878.8,59.599999999999994
23400.0,G7,0.01875,MCH10,R0.25,37.23333333333333,0.7736300006508827,mCherry,1884.2,62.099999999999994
24300.0,G7,0.01875,MCH10,R0.25,37.13333333333333,0.7850800015032291,mCherry,1919.6,63.400000000000006
25200.0,G7,0.01875,MCH10,R0.25,37.166666666666664,0.7987799756228924,mCherry,1937.6,65.1
26100.0,G7,0.01875,MCH10,R0.25,37.13333333333333,0.8107200168073178,mCherry,1979.3,69.30000000000001
27000.0,G7,0.01875,MCH10,R0.25,37.23333333333333,0.8184300012886524,mCherry,2013.3,70.69999999999999
27900.0,G7,0.01875,MCH10,R0.25,37.199999999999996,0.8284200079739094,mCherry,2070.5,73.1
28800.0,G7,0.01875,MCH10,R0.25,37.1,0.8363600231707096,mCherry,2134.3,75.30000000000001
29700.0,G7,0.01875,MCH10,R0.25,37.16666666666667,0.8420699827373028,mCherry,2185.5,79.1
30600.0,G7,0.01875,MCH10,R0.25,37.2,0.8493399746716023,mCherry,2237.1,80.69999999999999
31500.0,G7,0.01875,MCH10,R0.25,37.233333333333334,0.8539499901235104,mCherry,2260.9,85.19999999999999
32400.0,G7,0.01875,MCH10,R0.25,37.3,0.8594300083816051,mCherry,2310.4,85.19999999999999
33300.0,G7,0.01875,MCH10,R0.25,37.1,0.8714699894189835,mCherry,2360.4,84.5
34200.0,G7,0.01875,MCH10,R0.25,37.166666666666664,0.8791699893772602,mCherry,2398.3,90.5
35100.0,G7,0.01875,MCH10,R0.25,37.233333333333334,0.8819200031459331,mCherry,2412.0,91.6
36000.0,G7,0.01875,MCH10,R0.25,37.13333333333333,0.8821700274944305,mCherry,2443.2,96.4
36900.0,G7,0.01875,MCH10,R0.25,37.300000000000004,0.8817099690437317,mCherry,2447.0,99.69999999999999
37800.0,G7,0.01875,MCH10,R0.25,37.13333333333333,0.8825800165534019,mCherry,2443.7,97.9
38700.0,G7,0.01875,MCH10,R0.25,37.13333333333333,0.8829500079154968,mCherry,2450.4,103.69999999999999
39600.0,G7,0.01875,MCH10,R0.25,37.166666666666664,0.8829000070691109,mCherry,2429.4,108.30000000000001
40500.0,G7,0.01875,MCH10,R0.25,37.166666666666664,0.8842999845743179,mCherry,2457.9,113.0
41400.0,G7,0.01875,MCH10,R0.25,37.36666666666667,0.8848100237548351,mCherry,2434.8,114.69999999999999
42300.0,G7,0.01875,MCH10,R0.25,37.13333333333333,0.8849200241267681,mCherry,2455.3,118.80000000000001
43200.0,G7,0.01875,MCH10,R0.25,37.26666666666667,0.8856999956071376,mCherry,2430.7,124.5
0.0,G8,0.01875,GFP75,R2,37.166666666666664,0.029710000008344645,GFP,-0.5,849.7
900.0,G8,0.01875,GFP75,R2,37.1,0.032070001214742655,GFP,-0.6999999999999993,805.4
1800.0,G8,0.01875,GFP75,R2,37.300000000000004,0.04303000420331955,GFP,1.3000000000000007,852.8
2700.0,G8,0.01875,GFP75,R2,37.46666666666667,0.062300004065036774,GFP,2.6999999999999993,1023.6
3600.0,G8,0.01875,GFP75,R2,37.06666666666667,0.0860000029206276,GFP,2.1999999999999993,1492.2
4500.0,G8,0.01875,GFP75,R2,37.23333333333333,0.1148700013756752,GFP,-1.0999999999999996,2407.0
5400.0,G8,0.01875,GFP75,R2,37.0,0.147609993070364,GFP,1.1999999999999993,4050.5
6300.0,G8,0.01875,GFP75,R2,37.03333333333333,0.18347998782992364,GFP,-0.09999999999999964,6375.9
7200.0,G8,0.01875,GFP75,R2,37.1,0.21844998598098755,GFP,-0.5,9340.6
8100.0,G8,0.01875,GFP75,R2,37.233333333333334,0.2563200019299984,GFP,-0.09999999999999964,12465.7
9000.0,G8,0.01875,GFP75,R2,37.26666666666667,0.3013499900698662,GFP,-1.4000000000000004,15704.0
9900.0,G8,0.01875,GFP75,R2,37.166666666666664,0.3502400115132332,GFP,-0.3000000000000007,18484.2
10800.0,G8,0.01875,GFP75,R2,37.1,0.4030999965965748,GFP,0.5,21091.6
11700.0,G8,0.01875,GFP75,R2,37.13333333333333,0.450980019569397,GFP,0.5999999999999996,22611.1
12600.0,G8,0.01875,GFP75,R2,37.166666666666664,0.49016002714633944,GFP,-1.0999999999999996,24289.6
13500.0,G8,0.01875,GFP75,R2,37.1,0.5310499757528305,GFP,-0.09999999999999964,25391.1
14400.0,G8,0.01875,GFP75,R2,37.06666666666667,0.5707300081849098,GFP,0.5999999999999996,26303.8
15300.0,G8,0.01875,GFP75,R2,37.199999999999996,0.6017900258302689,GFP,-1.1999999999999993,26569.3
16200.0,G8,0.01875,GFP75,R2,37.03333333333333,0.6310000270605087,GFP,1.3000000000000007,26867.3
17100.0,G8,0.01875,GFP75,R2,37.13333333333333,0.6678900100290776,GFP,0.09999999999999964,26874.9
18000.0,G8,0.01875,GFP75,R2,37.0,0.6880000077188015,GFP,0.5,26782.6
18900.0,G8,0.01875,GFP75,R2,37.1,0.7039100237190723,GFP,-0.5,26691.0
19800.0,G8,0.01875,GFP75,R2,37.23333333333333,0.7205999843776226,GFP,2.3000000000000007,26352.1
20700.0,G8,0.01875,GFP75,R2,37.1,0.7379100196063518,GFP,1.0,26309.7
21600.0,G8,0.01875,GFP75,R2,37.233333333333334,0.7499599851667881,GFP,0.1999999999999993,26088.6
22500.0,G8,0.01875,GFP75,R2,37.13333333333333,0.7631700277328491,GFP,0.8000000000000007,26157.6
23400.0,G8,0.01875,GFP75,R2,37.23333333333333,0.7760299816727638,GFP,2.1999999999999993,25988.1
24300.0,G8,0.01875,GFP75,R2,37.13333333333333,0.7881799794733524,GFP,1.5999999999999996,26060.4
25200.0,G8,0.01875,GFP75,R2,37.166666666666664,0.7995799891650677,GFP,1.5999999999999996,25908.1
26100.0,G8,0.01875,GFP75,R2,37.13333333333333,0.8104200266301632,GFP,2.3000000000000007,26129.3
27000.0,G8,0.01875,GFP75,R2,37.23333333333333,0.820529992133379,GFP,2.3000000000000007,26174.7
27900.0,G8,0.01875,GFP75,R2,37.199999999999996,0.8298200018703937,GFP,1.5,25905.1
28800.0,G8,0.01875,GFP75,R2,37.1,0.8358599998056888,GFP,3.3000000000000007,25906.3
29700.0,G8,0.01875,GFP75,R2,37.16666666666667,0.8428699962794781,GFP,4.5,25780.1
30600.0,G8,0.01875,GFP75,R2,37.2,0.8494399912655354,GFP,5.1,25472.7
31500.0,G8,0.01875,GFP75,R2,37.233333333333334,0.8534500263631344,GFP,3.9000000000000004,25518.2
32400.0,G8,0.01875,GFP75,R2,37.3,0.8560299806296825,GFP,4.4,25506.2
33300.0,G8,0.01875,GFP75,R2,37.1,0.8597700148820877,GFP,3.4000000000000004,25284.5
34200.0,G8,0.01875,GFP75,R2,37.166666666666664,0.8621700294315815,GFP,1.3000000000000007,25279.5
35100.0,G8,0.01875,GFP75,R2,37.233333333333334,0.8659199707210063,GFP,4.0,25048.6
36000.0,G8,0.01875,GFP75,R2,37.13333333333333,0.8732699811458587,GFP,0.1999999999999993,25053.4
36900.0,G8,0.01875,GFP75,R2,37.300000000000004,0.8784100174903869,GFP,4.0,25009.7
37800.0,G8,0.01875,GFP75,R2,37.13333333333333,0.8781800016760826,GFP,4.699999999999999,24787.9
38700.0,G8,0.01875,GFP75,R2,37.13333333333333,0.8761500120162964,GFP,3.4000000000000004,24835.7
39600.0,G8,0.01875,GFP75,R2,37.166666666666664,0.8732000067830086,GFP,2.4000000000000004,24622.3
40500.0,G8,0.01875,GFP75,R2,37.166666666666664,0.8694000154733658,GFP,5.9,24547.0
41400.0,G8,0.01875,GFP75,R2,37.36666666666667,0.8650100164115428,GFP,3.8000000000000007,24593.7
42300.0,G8,0.01875,GFP75,R2,37.13333333333333,0.8626200191676616,GFP,2.3000000000000007,24408.8
43200.0,G8,0.01875,GFP75,R2,37.26666666666667,0.8586999855935573,GFP,3.6999999999999993,24190.5
0.0,G9,0.01875,GFP50,R4,37.166666666666664,0.029310000687837595,GFP,0.5,818.7
900.0,G9,0.01875,GFP50,R4,37.1,0.032470000535249705,GFP,-0.6999999999999993,782.4
1800.0,G9,0.01875,GFP50,R4,37.300000000000004,0.04352999776601792,GFP,0.3000000000000007,824.8
2700.0,G9,0.01875,GFP50,R4,37.46666666666667,0.06259999424219131,GFP,-2.3000000000000007,1028.6
3600.0,G9,0.01875,GFP50,R4,37.06666666666667,0.0869000032544136,GFP,0.1999999999999993,1554.2
4500.0,G9,0.01875,GFP50,R4,37.23333333333333,0.11346999257802963,GFP,-0.09999999999999964,2614.0
5400.0,G9,0.01875,GFP50,R4,37.0,0.14170999750494956,GFP,0.1999999999999993,4403.5
6300.0,G9,0.01875,GFP50,R4,37.03333333333333,0.17088001295924188,GFP,-0.09999999999999964,6782.9
7200.0,G9,0.01875,GFP50,R4,37.1,0.20155001282691956,GFP,0.5,9419.6
8100.0,G9,0.01875,GFP50,R4,37.233333333333334,0.23091998919844628,GFP,-0.09999999999999964,12083.7
9000.0,G9,0.01875,GFP50,R4,37.26666666666667,0.2659499868750572,GFP,-0.40000000000000036,14818.0
9900.0,G9,0.01875,GFP50,R4,37.166666666666664,0.30354001075029374,GFP,-1.3000000000000007,17306.2
10800.0,G9,0.01875,GFP50,R4,37.1,0.34829999282956126,GFP,-0.5,19596.6
11700.0,G9,0.01875,GFP50,R4,37.13333333333333,0.3976799964904785,GFP,-0.40000000000000036,21353.1
12600.0,G9,0.01875,GFP50,R4,37.166666666666664,0.4459600239992142,GFP,-1.0999999999999996,22613.6
13500.0,G9,0.01875,GFP50,R4,37.1,0.48175002038478854,GFP,-0.09999999999999964,23413.1
14400.0,G9,0.01875,GFP50,R4,37.06666666666667,0.5216300264000893,GFP,-1.4000000000000004,24435.8
15300.0,G9,0.01875,GFP50,R4,37.199999999999996,0.5629900246858597,GFP,-0.1999999999999993,24490.3
16200.0,G9,0.01875,GFP50,R4,37.03333333333333,0.5984999984502792,GFP,0.3000000000000007,24636.3
17100.0,G9,0.01875,GFP50,R4,37.13333333333333,0.6256899811327458,GFP,0.09999999999999964,24511.9
18000.0,G9,0.01875,GFP50,R4,37.0,0.6665999732911587,GFP,0.5,24517.6
18900.0,G9,0.01875,GFP50,R4,37.1,0.6867099709808826,GFP,1.5,24399.0
19800.0,G9,0.01875,GFP50,R4,37.23333333333333,0.7047999851405621,GFP,2.3000000000000007,23983.1
20700.0,G9,0.01875,GFP50,R4,37.1,0.721809970587492,GFP,1.0,23764.7
21600.0,G9,0.01875,GFP50,R4,37.233333333333334,0.7382600106298923,GFP,1.1999999999999993,23552.6
22500.0,G9,0.01875,GFP50,R4,37.13333333333333,0.7526700139045716,GFP,0.8000000000000007,23631.6
23400.0,G9,0.01875,GFP50,R4,37.23333333333333,0.7664299979805946,GFP,1.1999999999999993,23437.1
24300.0,G9,0.01875,GFP50,R4,37.13333333333333,0.7801800228655338,GFP,0.5999999999999996,23434.4
25200.0,G9,0.01875,GFP50,R4,37.166666666666664,0.7899800054728985,GFP,1.5999999999999996,23177.1
26100.0,G9,0.01875,GFP50,R4,37.13333333333333,0.8009199999272824,GFP,4.300000000000001,23312.3
27000.0,G9,0.01875,GFP50,R4,37.23333333333333,0.8109300084412098,GFP,1.3000000000000007,23314.7
27900.0,G9,0.01875,GFP50,R4,37.199999999999996,0.8214199788868427,GFP,2.5,23071.1
28800.0,G9,0.01875,GFP50,R4,37.1,0.825860009342432,GFP,3.3000000000000007,23145.3
29700.0,G9,0.01875,GFP50,R4,37.16666666666667,0.8319699756801129,GFP,2.5,22920.1
30600.0,G9,0.01875,GFP50,R4,37.2,0.839140010625124,GFP,4.1,22784.7
31500.0,G9,0.01875,GFP50,R4,37.233333333333334,0.8414500020444393,GFP,3.9000000000000004,22710.2
32400.0,G9,0.01875,GFP50,R4,37.3,0.8434299759566783,GFP,3.4000000000000004,22582.2
33300.0,G9,0.01875,GFP50,R4,37.1,0.8466699868440628,GFP,1.4000000000000004,22376.5
34200.0,G9,0.01875,GFP50,R4,37.166666666666664,0.849269974976778,GFP,4.300000000000001,22431.5
35100.0,G9,0.01875,GFP50,R4,37.233333333333334,0.8526200287044048,GFP,3.0,22264.6
36000.0,G9,0.01875,GFP50,R4,37.13333333333333,0.8601700127124786,GFP,2.1999999999999993,22192.4
36900.0,G9,0.01875,GFP50,R4,37.300000000000004,0.8654100060462951,GFP,5.0,22224.7
37800.0,G9,0.01875,GFP50,R4,37.13333333333333,0.8669799908995628,GFP,2.6999999999999993,21972.9
38700.0,G9,0.01875,GFP50,R4,37.13333333333333,0.8653500080108643,GFP,3.4000000000000004,22142.7
39600.0,G9,0.01875,GFP50,R4,37.166666666666664,0.861499972641468,GFP,4.4,21931.3
40500.0,G9,0.01875,GFP50,R4,37.166666666666664,0.8579999715089798,GFP,2.9000000000000004,21780.0
41400.0,G9,0.01875,GFP50,R4,37.36666666666667,0.8554099731147289,GFP,3.8000000000000007,21695.7
42300.0,G9,0.01875,GFP50,R4,37.13333333333333,0.8532200090587139,GFP,3.3000000000000007,21521.8
43200.0,G9,0.01875,GFP50,R4,37.26666666666667,0.8535999737679958,GFP,3.6999999999999993,21529.5
0.0,G10,0.01875,MCH25,R4,37.166666666666664,0.026710001379251475,mCherry,107.5,7.699999999999989
900.0,G10,0.01875,MCH25,R4,37.1,0.03096999749541282,mCherry,89.3,6.400000000000006
1800.0,G10,0.01875,MCH25,R4,37.300000000000004,0.04193000048398972,mCherry,93.3,7.800000000000011
2700.0,G10,0.01875,MCH25,R4,37.46666666666667,0.0642000064253807,mCherry,96.7,11.599999999999994
3600.0,G10,0.01875,MCH25,R4,37.06666666666667,0.09619999676942825,mCherry,113.2,10.199999999999989
4500.0,G10,0.01875,MCH25,R4,37.23333333333333,0.1302699938416481,mCherry,146.9,9.0
5400.0,G10,0.01875,MCH25,R4,37.0,0.1615100048482418,mCherry,212.2,10.5
6300.0,G10,0.01875,MCH25,R4,37.03333333333333,0.1822799973189831,mCherry,350.9,13.900000000000006
7200.0,G10,0.01875,MCH25,R4,37.1,0.20495001077651978,mCherry,604.5,13.599999999999994
8100.0,G10,0.01875,MCH25,R4,37.233333333333334,0.22672000750899315,mCherry,953.9,11.699999999999989
9000.0,G10,0.01875,MCH25,R4,37.26666666666667,0.2550499960780144,mCherry,1385.6,11.0
9900.0,G10,0.01875,MCH25,R4,37.166666666666664,0.2876399949193001,mCherry,1863.7,12.199999999999989
10800.0,G10,0.01875,MCH25,R4,37.1,0.3236999936401844,mCherry,2315.5,14.599999999999994
11700.0,G10,0.01875,MCH25,R4,37.13333333333333,0.3560800075531006,mCherry,2732.6,15.099999999999994
12600.0,G10,0.01875,MCH25,R4,37.166666666666664,0.39185998737812044,mCherry,3086.9,13.599999999999994
13500.0,G10,0.01875,MCH25,R4,37.1,0.4303500145673752,mCherry,3311.9,17.099999999999994
14400.0,G10,0.01875,MCH25,R4,37.06666666666667,0.47352997213602066,mCherry,3447.6,17.80000000000001
15300.0,G10,0.01875,MCH25,R4,37.199999999999996,0.5126900225877762,mCherry,3520.8,23.30000000000001
16200.0,G10,0.01875,MCH25,R4,37.03333333333333,0.5494000166654587,mCherry,3554.3,30.30000000000001
17100.0,G10,0.01875,MCH25,R4,37.13333333333333,0.596689996868372,mCherry,3541.1,38.900000000000006
18000.0,G10,0.01875,MCH25,R4,37.0,0.6275999985635281,mCherry,3580.5,34.599999999999994
18900.0,G10,0.01875,MCH25,R4,37.1,0.653109998255968,mCherry,3641.5,38.0
19800.0,G10,0.01875,MCH25,R4,37.23333333333333,0.6713000290095806,mCherry,3684.3,42.099999999999994
20700.0,G10,0.01875,MCH25,R4,37.1,0.6918099991977215,mCherry,3788.0,44.69999999999999
21600.0,G10,0.01875,MCH25,R4,37.233333333333334,0.7071599759161472,mCherry,3856.2,48.599999999999994
22500.0,G10,0.01875,MCH25,R4,37.13333333333333,0.721869969367981,mCherry,3888.8,50.599999999999994
23400.0,G10,0.01875,MCH25,R4,37.23333333333333,0.7355299964547157,mCherry,3920.2,53.099999999999994
24300.0,G10,0.01875,MCH25,R4,37.13333333333333,0.750479982048273,mCherry,3949.6,56.400000000000006
25200.0,G10,0.01875,MCH25,R4,37.166666666666664,0.7607799880206585,mCherry,3968.6,57.099999999999994
26100.0,G10,0.01875,MCH25,R4,37.13333333333333,0.7715200088918209,mCherry,4019.3,60.30000000000001
27000.0,G10,0.01875,MCH25,R4,37.23333333333333,0.783730024844408,mCherry,4022.3,63.69999999999999
27900.0,G10,0.01875,MCH25,R4,37.199999999999996,0.7946200020611286,mCherry,4066.5,68.1
28800.0,G10,0.01875,MCH25,R4,37.1,0.79976002946496,mCherry,4146.3,67.30000000000001
29700.0,G10,0.01875,MCH25,R4,37.16666666666667,0.8086699835956097,mCherry,4226.5,72.1
30600.0,G10,0.01875,MCH25,R4,37.2,0.8168400056660176,mCherry,4244.1,73.69999999999999
31500.0,G10,0.01875,MCH25,R4,37.233333333333334,0.8224500082433224,mCherry,4358.9,76.19999999999999
32400.0,G10,0.01875,MCH25,R4,37.3,0.8255299858748912,mCherry,4416.4,75.19999999999999
33300.0,G10,0.01875,MCH25,R4,37.1,0.8309700042009354,mCherry,4485.4,83.5
34200.0,G10,0.01875,MCH25,R4,37.166666666666664,0.8352699764072895,mCherry,4574.3,83.5
35100.0,G10,0.01875,MCH25,R4,37.233333333333334,0.8421200148761272,mCherry,4592.0,83.6
36000.0,G10,0.01875,MCH25,R4,37.13333333333333,0.8530700266361236,mCherry,4661.2,85.4
36900.0,G10,0.01875,MCH25,R4,37.300000000000004,0.8562099695205688,mCherry,4720.0,89.69999999999999
37800.0,G10,0.01875,MCH25,R4,37.13333333333333,0.8573800072073936,mCherry,4761.7,89.9
38700.0,G10,0.01875,MCH25,R4,37.13333333333333,0.8571500182151794,mCherry,4778.4,93.69999999999999
39600.0,G10,0.01875,MCH25,R4,37.166666666666664,0.8576999977231026,mCherry,4764.4,97.30000000000001
40500.0,G10,0.01875,MCH25,R4,37.166666666666664,0.8568000108003616,mCherry,4809.9,97.0
41400.0,G10,0.01875,MCH25,R4,37.36666666666667,0.8574100069701671,mCherry,4790.8,102.69999999999999
42300.0,G10,0.01875,MCH25,R4,37.13333333333333,0.8584199778735637,mCherry,4759.3,104.80000000000001
43200.0,G10,0.01875,MCH25,R4,37.26666666666667,0.859099992364645,mCherry,4789.7,108.5
0.0,G11,0.01875,GFP50,R1,37.166666666666664,0.02810999527573585,GFP,-0.5,1266.7
900.0,G11,0.01875,GFP50,R1,37.1,0.03437000289559364,GFP,1.3000000000000007,1164.4
1800.0,G11,0.01875,GFP50,R1,37.300000000000004,0.04612999707460404,GFP,0.3000000000000007,1256.8
2700.0,G11,0.01875,GFP50,R1,37.46666666666667,0.06449999660253525,GFP,-1.3000000000000007,1508.6
3600.0,G11,0.01875,GFP50,R1,37.06666666666667,0.08729999512434006,GFP,-0.8000000000000007,2174.2
4500.0,G11,0.01875,GFP50,R1,37.23333333333333,0.10987000614404678,GFP,0.9000000000000004,3369.0
5400.0,G11,0.01875,GFP50,R1,37.0,0.13200999721884726,GFP,1.1999999999999993,5301.5
6300.0,G11,0.01875,GFP50,R1,37.03333333333333,0.1538799934089184,GFP,-0.09999999999999964,7672.9
7200.0,G11,0.01875,GFP50,R1,37.1,0.17914999127388,GFP,-0.5,10218.6
8100.0,G11,0.01875,GFP50,R1,37.233333333333334,0.20012000426650048,GFP,-0.09999999999999964,12521.7
9000.0,G11,0.01875,GFP50,R1,37.26666666666667,0.22254999727010727,GFP,0.5999999999999996,14882.0
9900.0,G11,0.01875,GFP50,R1,37.166666666666664,0.2486399903893471,GFP,-1.3000000000000007,16878.2
10800.0,G11,0.01875,GFP50,R1,37.1,0.2764999993145466,GFP,-0.5,19068.6
11700.0,G11,0.01875,GFP50,R1,37.13333333333333,0.31107999086380006,GFP,-0.40000000000000036,20653.1
12600.0,G11,0.01875,GFP50,R1,37.166666666666664,0.35125998556613924,GFP,0.9000000000000004,22120.6
13500.0,G11,0.01875,GFP50,R1,37.1,0.39734999239444735,GFP,-0.09999999999999964,23096.1
14400.0,G11,0.01875,GFP50,R1,37.06666666666667,0.44342998415231705,GFP,-0.40000000000000036,23917.8
15300.0,G11,0.01875,GFP50,R1,37.199999999999996,0.47398997843265533,GFP,-0.1999999999999993,23903.3
16200.0,G11,0.01875,GFP50,R1,37.03333333333333,0.5043999999761581,GFP,2.3000000000000007,24277.3
17100.0,G11,0.01875,GFP50,R1,37.13333333333333,0.5326899863779545,GFP,-0.9000000000000004,23851.9
18000.0,G11,0.01875,GFP50,R1,37.0,0.5555999718606472,GFP,0.5,23640.6
18900.0,G11,0.01875,GFP50,R1,37.1,0.5794099874794483,GFP,0.5,23223.0
19800.0,G11,0.01875,GFP50,R1,37.23333333333333,0.6193999998271466,GFP,0.3000000000000007,22764.1
20700.0,G11,0.01875,GFP50,R1,37.1,0.638010012358427,GFP,0.0,22690.7
21600.0,G11,0.01875,GFP50,R1,37.233333333333334,0.6575600303709507,GFP,0.1999999999999993,22293.6
22500.0,G11,0.01875,GFP50,R1,37.13333333333333,0.6807700037956238,GFP,-0.1999999999999993,22223.6
23400.0,G11,0.01875,GFP50,R1,37.23333333333333,0.6996299996972084,GFP,1.1999999999999993,22018.1
24300.0,G11,0.01875,GFP50,R1,37.13333333333333,0.716580019146204,GFP,0.5999999999999996,22059.4
25200.0,G11,0.01875,GFP50,R1,37.166666666666664,0.7293800227344036,GFP,1.5999999999999996,21782.1
26100.0,G11,0.01875,GFP50,R1,37.13333333333333,0.7440199755132199,GFP,2.3000000000000007,21952.3
27000.0,G11,0.01875,GFP50,R1,37.23333333333333,0.7577300019562244,GFP,1.3000000000000007,21802.7
27900.0,G11,0.01875,GFP50,R1,37.199999999999996,0.7712199933826923,GFP,1.5,21710.1
28800.0,G11,0.01875,GFP50,R1,37.1,0.7804599858820438,GFP,2.3000000000000007,21783.3
29700.0,G11,0.01875,GFP50,R1,37.16666666666667,0.7922700040042401,GFP,2.5,21644.1
30600.0,G11,0.01875,GFP50,R1,37.2,0.803339970856905,GFP,3.0999999999999996,21554.7
31500.0,G11,0.01875,GFP50,R1,37.233333333333334,0.8093499802052975,GFP,3.9000000000000004,21548.2
32400.0,G11,0.01875,GFP50,R1,37.3,0.8151299886405468,GFP,3.4000000000000004,21466.2
33300.0,G11,0.01875,GFP50,R1,37.1,0.8196699768304825,GFP,3.4000000000000004,21166.5
34200.0,G11,0.01875,GFP50,R1,37.166666666666664,0.8238699920475483,GFP,4.300000000000001,21133.5
35100.0,G11,0.01875,GFP50,R1,37.233333333333334,0.827120029181242,GFP,3.0,21049.6
36000.0,G11,0.01875,GFP50,R1,37.13333333333333,0.8312699854373932,GFP,3.1999999999999993,20993.4
36900.0,G11,0.01875,GFP50,R1,37.300000000000004,0.8352100014686584,GFP,5.0,20989.7
37800.0,G11,0.01875,GFP50,R1,37.13333333333333,0.8365800127387046,GFP,3.6999999999999993,20765.9
38700.0,G11,0.01875,GFP50,R1,37.13333333333333,0.838949978351593,GFP,1.4000000000000004,20782.7
39600.0,G11,0.01875,GFP50,R1,37.166666666666664,0.841899998486042,GFP,2.4000000000000004,20541.3
40500.0,G11,0.01875,GFP50,R1,37.166666666666664,0.8482000142335892,GFP,4.9,20631.0
41400.0,G11,0.01875,GFP50,R1,37.36666666666667,0.8516099981963634,GFP,2.8000000000000007,20450.7
42300.0,G11,0.01875,GFP50,R1,37.13333333333333,0.8528200022876262,GFP,4.300000000000001,20485.8
43200.0,G11,0.01875,GFP50,R1,37.26666666666667,0.8525000296533107,GFP,2.6999999999999993,20424.5
